0 0
0.0006033241252 0.01
0.00120664825 0.02
0.001809700634 0.03
0.002412390204 0.04
0.003014595654 0.05
0.003616195543 0.06
0.004217068335 0.07
0.004817092424 0.08
0.005416146161 0.09
0.006014107875 0.1
0.006610855905 0.11
0.007206268622 0.12
0.007800224455 0.13
0.008392601919 0.14
0.008983279642 0.15
0.009572136388 0.16
0.01015905109 0.17
0.01074390287 0.18
0.01132657106 0.19
0.01190693527 0.2
0.01248487534 0.21
0.01306027144 0.22
0.01363300407 0.23
0.01420295406 0.24
0.01477000265 0.25
0.01533403147 0.26
0.01589492262 0.27
0.01645255863 0.28
0.01700682254 0.29
0.01755759793 0.3
0.01810476889 0.31
0.01864822012 0.32
0.01918783692 0.33
0.01972350522 0.34
0.02025511161 0.35
0.02078254337 0.36
0.0213056885 0.37
0.02182443575 0.38
0.02233867464 0.39
0.02284829548 0.4
0.02335318941 0.41
0.02385324845 0.42
0.02434836548 0.43
0.02483843429 0.44
0.02532334962 0.45
0.02580300717 0.46
0.02627730363 0.47
0.0267461367 0.48
0.02720940516 0.49
0.02766700881 0.5
0.02811884859 0.51
0.02856482656 0.52
0.0290048459 0.53
0.029438811 0.54
0.02986662744 0.55
0.03028820203 0.56
0.03070344281 0.57
0.03111225913 0.58
0.03151456163 0.59
0.03191026226 0.6
0.03229927434 0.61
0.03268151256 0.62
0.033056893 0.63
0.03342533316 0.64
0.03378675199 0.65
0.03414106991 0.66
0.0344882088 0.67
0.03482809208 0.68
0.0351606447 0.69
0.03548579313 0.7
0.03580346545 0.71
0.03611359131 0.72
0.03641610198 0.73
0.03671093037 0.74
0.03699801101 0.75
0.03727728014 0.76
0.03754867567 0.77
0.0378121372 0.78
0.03806760609 0.79
0.0383150254 0.8
0.03855433998 0.81
0.03878549642 0.82
0.03900844312 0.83
0.03922313028 0.84
0.03942950992 0.85
0.03962753587 0.86
0.03981716382 0.87
0.03999835133 0.88
0.0401710578 0.89
0.04033524452 0.9
0.0404908747 0.91
0.04063791342 0.92
0.04077632769 0.93
0.04090608644 0.94
0.04102716052 0.95
0.04113952275 0.96
0.04124314787 0.97
0.04133801259 0.98
0.04142409558 0.99
0.0415013775 1
0.04156984094 1.01
0.04162947052 1.02
0.0416802528 1.03
0.04172217637 1.04
0.04175523179 1.05
0.04177941162 1.06
0.04179471041 1.07
0.04180112472 1.08
0.0417986531 1.09
0.04178729612 1.1
0.04176705632 1.11
0.04173793826 1.12
0.04169994851 1.13
0.0416530956 1.14
0.04159739008 1.15
0.04153284449 1.16
0.04145947335 1.17
0.04137729317 1.18
0.04128632242 1.19
0.04118658156 1.2
0.04107809301 1.21
0.04096088115 1.22
0.04083497231 1.23
0.04070039478 1.24
0.04055717875 1.25
0.04040535639 1.26
0.04024496174 1.27
0.04007603077 1.28
0.03989860135 1.29
0.03971271323 1.3
0.03951840803 1.31
0.03931572925 1.32
0.03910472221 1.33
0.03888543411 1.34
0.03865791393 1.35
0.03842221249 1.36
0.03817838238 1.37
0.03792647799 1.38
0.03766655546 1.39
0.03739867268 1.4
0.03712288928 1.41
0.03683926658 1.42
0.03654786762 1.43
0.03624875712 1.44
0.03594200143 1.45
0.03562766856 1.46
0.03530582816 1.47
0.03497655144 1.48
0.03463991122 1.49
0.03429598187 1.5
0.03394483932 1.51
0.03358656099 1.52
0.03322122581 1.53
0.03284891419 1.54
0.03246970799 1.55
0.0320836905 1.56
0.03169094641 1.57
0.0312915618 1.58
0.03088562412 1.59
0.03047322214 1.6
0.03005444596 1.61
0.02962938694 1.62
0.02919813773 1.63
0.02876079222 1.64
0.02831744549 1.65
0.02786819382 1.66
0.02741313466 1.67
0.02695236658 1.68
0.02648598927 1.69
0.02601410351 1.7
0.02553681112 1.71
0.02505421496 1.72
0.0245664189 1.73
0.02407352777 1.74
0.02357564738 1.75
0.02307288443 1.76
0.02256534652 1.77
0.02205314215 1.78
0.02153638062 1.79
0.02101517207 1.8
0.02048962741 1.81
0.01995985832 1.82
0.01942597719 1.83
0.01888809714 1.84
0.01834633195 1.85
0.01780079603 1.86
0.01725160444 1.87
0.0166988728 1.88
0.01614271732 1.89
0.01558325473 1.9
0.01502060226 1.91
0.01445487763 1.92
0.01388619901 1.93
0.013314685 1.94
0.01274045457 1.95
0.01216362709 1.96
0.01158432224 1.97
0.01100266005 1.98
0.0104187608 1.99
0.009832745043 2
0.009244733567 2.01
0.008654847358 2.02
0.008063207582 2.03
0.007469935554 2.04
0.006875152712 2.05
0.006278980593 2.06
0.005681540804 2.07
0.005082954996 2.08
0.004483344839 2.09
0.003882831994 2.1
0.003281538092 2.11
0.002679584701 2.12
0.002077093309 2.13
0.001474185292 2.14
0.0008709818932 2.15
0.0002676041954 2.16
-0.0003358269009 2.17
-0.0009391907038 2.18
-0.001542366753 2.19
-0.002145234845 2.2
-0.002747675055 2.21
-0.003349567762 2.22
-0.003950793671 2.23
-0.004551233836 2.24
-0.005150769683 2.25
-0.005749283035 2.26
-0.006346656128 2.27
-0.00694277164 2.28
-0.007537512707 2.29
-0.008130762949 2.3
-0.008722406488 2.31
-0.009312327972 2.32
-0.009900412593 2.33
-0.01048654611 2.34
-0.01107061486 2.35
-0.0116525058 2.36
-0.01223210649 2.37
-0.01280930517 2.38
-0.0133839907 2.39
-0.01395605266 2.4
-0.01452538131 2.41
-0.01509186763 2.42
-0.01565540336 2.43
-0.01621588096 2.44
-0.01677319368 2.45
-0.01732723558 2.46
-0.01787790148 2.47
-0.01842508707 2.48
-0.01896868886 2.49
-0.0195086042 2.5
-0.02004473135 2.51
-0.02057696941 2.52
-0.02110521842 2.53
-0.02162937933 2.54
-0.02214935401 2.55
-0.02266504528 2.56
-0.02317635693 2.57
-0.02368319372 2.58
-0.02418546139 2.59
-0.02468306669 2.6
-0.0251759174 2.61
-0.02566392229 2.62
-0.02614699121 2.63
-0.02662503504 2.64
-0.02709796572 2.65
-0.02756569629 2.66
-0.02802814087 2.67
-0.02848521466 2.68
-0.02893683399 2.69
-0.02938291632 2.7
-0.02982338022 2.71
-0.03025814541 2.72
-0.03068713277 2.73
-0.03111026435 2.74
-0.03152746334 2.75
-0.03193865414 2.76
-0.03234376235 2.77
-0.03274271473 2.78
-0.03313543929 2.79
-0.03352186523 2.8
-0.03390192299 2.81
-0.03427554424 2.82
-0.0346426619 2.83
-0.03500321011 2.84
-0.03535712431 2.85
-0.03570434117 2.86
-0.03604479865 2.87
-0.03637843598 2.88
-0.03670519367 2.89
-0.03702501353 2.9
-0.03733783867 2.91
-0.0376436135 2.92
-0.03794228374 2.93
-0.03823379641 2.94
-0.03851809988 2.95
-0.03879514383 2.96
-0.03906487927 2.97
-0.03932725855 2.98
-0.03958223536 2.99
-0.03982976474 3
-0.04006980307 3.01
-0.0403023081 3.02
-0.04052723894 3.03
-0.04074455604 3.04
-0.04095422123 3.05
-0.04115619773 3.06
-0.04135045011 3.07
-0.04153694432 3.08
-0.0417156477 3.09
-0.04188652898 3.1
-0.04204955825 3.11
-0.04220470701 3.12
-0.04235194816 3.13
-0.04249125598 3.14
-0.04262260615 3.15
-0.04274597576 3.16
-0.04286134328 3.17
-0.04296868861 3.18
-0.04306799304 3.19
-0.04315923927 3.2
-0.04324241142 3.21
-0.04331749499 3.22
-0.04338447693 3.23
-0.04344334558 3.24
-0.04349409069 3.25
-0.04353670345 3.26
-0.04357117643 3.27
-0.04359750366 3.28
-0.04361568054 3.29
-0.04362570392 3.3
-0.04362757206 3.31
-0.04362128463 3.32
-0.04360684272 3.33
-0.04358424885 3.34
-0.04355350694 3.35
-0.04351462235 3.36
-0.04346760182 3.37
-0.04341245354 3.38
-0.0433491871 3.39
-0.0432778135 3.4
-0.04319834518 3.41
-0.04311079596 3.42
-0.04301518108 3.43
-0.0429115172 3.44
-0.04279982238 3.45
-0.04268011609 3.46
-0.0425524192 3.47
-0.04241675399 3.48
-0.04227314413 3.49
-0.0421216147 3.5
-0.04196219217 3.51
-0.04179490441 3.52
-0.04161978066 3.53
-0.04143685158 3.54
-0.0412461492 3.55
-0.04104770692 3.56
-0.04084155955 3.57
-0.04062774323 3.58
-0.04040629553 3.59
-0.04017725534 3.6
-0.03994066295 3.61
-0.03969655997 3.62
-0.03944498942 3.63
-0.03918599562 3.64
-0.03891962428 3.65
-0.03864592243 3.66
-0.03836493844 3.67
-0.03807672203 3.68
-0.03778132423 3.69
-0.0374787974 3.7
-0.03716919522 3.71
-0.03685257268 3.72
-0.03652898609 3.73
-0.03619849303 3.74
-0.03586115241 3.75
-0.0355170244 3.76
-0.03516617046 3.77
-0.03480865333 3.78
-0.03444453702 3.79
-0.03407388678 3.8
-0.03369676914 3.81
-0.03331325185 3.82
-0.03292340392 3.83
-0.03252729557 3.84
-0.03212499826 3.85
-0.03171658464 3.86
-0.03130212859 3.87
-0.03088170517 3.88
-0.03045539062 3.89
-0.03002326237 3.9
-0.02958539902 3.91
-0.02914188031 3.92
-0.02869278714 3.93
-0.02823820155 3.94
-0.02777820669 3.95
-0.02731288684 3.96
-0.02684232739 3.97
-0.02636661482 3.98
-0.02588583666 3.99
-0.02540008157 4
-0.02490943922 4.01
-0.02441400034 4.02
-0.0239138567 4.03
-0.02340910109 4.04
-0.02289982731 4.05
-0.02238613013 4.06
-0.02186810534 4.07
-0.02134584967 4.08
-0.02081946082 4.09
-0.0202890374 4.1
-0.01975467899 4.11
-0.01921648603 4.12
-0.01867455989 4.13
-0.01812900281 4.14
-0.01757991788 4.15
-0.01702740905 4.16
-0.0164715811 4.17
-0.01591253962 4.18
-0.015350391 4.19
-0.01478524242 4.2
-0.0142172018 4.21
-0.01364637782 4.22
-0.01307287989 4.23
-0.01249681813 4.24
-0.01191830334 4.25
-0.01133744701 4.26
-0.01075436126 4.27
-0.01016915887 4.28
-0.009581953214 4.29
-0.00899285827 4.3
-0.00840198859 4.31
-0.007809459279 4.32
-0.007215385978 4.33
-0.006619884839 4.34
-0.006023072506 4.35
-0.005425066095 4.36
-0.004825983169 4.37
-0.004225941718 4.38
-0.003625060139 4.39
-0.003023457209 4.4
-0.002421252066 4.41
-0.001818564185 4.42
-0.001215513353 4.43
-0.00061221965 4.44
-8.803421482e-06 4.45
0.0005946147439 4.46
0.001197914038 4.47
0.00180097346 4.48
0.002403671834 4.49
0.003005887845 4.5
0.003607500051 4.51
0.004208386918 4.52
0.004808426841 4.53
0.00540749817 4.54
0.006005479235 4.55
0.006602248373 4.56
0.007197683953 4.57
0.007791664404 4.58
0.008384068238 4.59
0.008974774081 4.6
0.009563660695 4.61
0.01015060701 4.62
0.01073549214 4.63
0.01131819542 4.64
0.01189859645 4.65
0.01247657507 4.66
0.01305201144 4.67
0.01362478605 4.68
0.01419477974 4.69
0.01476187374 4.7
0.01532594967 4.71
0.01588688961 4.72
0.01644457609 4.73
0.01699889216 4.74
0.01754972136 4.75
0.0180969478 4.76
0.01864045616 4.77
0.01918013173 4.78
0.01971586042 4.79
0.02024752883 4.8
0.02077502422 4.81
0.02129823457 4.82
0.02181704864 4.83
0.02233135591 4.84
0.02284104669 4.85
0.02334601212 4.86
0.0238461442 4.87
0.02434133578 4.88
0.02483148065 4.89
0.02531647354 4.9
0.02579621013 4.91
0.02627058709 4.92
0.02673950212 4.93
0.02720285396 4.94
0.02766054242 4.95
0.02811246841 4.96
0.02855853396 4.97
0.02899864226 4.98
0.02943269767 4.99
0.02986060574 5
0.03028227327 5.01
0.0306976083 5.02
0.03110652014 5.03
0.03150891941 5.04
0.03190471805 5.05
0.03229382935 5.06
0.03267616799 5.07
0.03305165002 5.08
0.03342019292 5.09
0.03378171563 5.1
0.03413613853 5.11
0.03448338349 5.12
0.03482337392 5.13
0.03515603471 5.14
0.03548129235 5.15
0.03579907486 5.16
0.03610931189 5.17
0.03641193468 5.18
0.0367068761 5.19
0.03699407069 5.2
0.03727345464 5.21
0.03754496583 5.22
0.03780854386 5.23
0.03806413004 5.24
0.03831166743 5.25
0.03855110082 5.26
0.0387823768 5.27
0.03900544374 5.28
0.03922025181 5.29
0.039426753 5.3
0.03962490112 5.31
0.03981465183 5.32
0.03999596266 5.33
0.04016879298 5.34
0.04033310408 5.35
0.0404888591 5.36
0.04063602311 5.37
0.0407745631 5.38
0.04090444796 5.39
0.04102564853 5.4
0.04113813758 5.41
0.04124188984 5.42
0.04133688198 5.43
0.04142309265 5.44
0.04150050246 5.45
0.041569094 5.46
0.04162885184 5.47
0.04167976253 5.48
0.04172181461 5.49
0.04175499862 5.5
0.04177930709 5.51
0.04179473455 5.52
0.04180127753 5.53
0.04179893454 5.54
0.04178770612 5.55
0.0417675948 5.56
0.0417386051 5.57
0.04170074355 5.58
0.04165401866 5.59
0.04159844096 5.6
0.04153402295 5.61
0.04146077913 5.62
0.04137872596 5.63
0.04128788191 5.64
0.0411882674 5.65
0.04107990482 5.66
0.04096281852 5.67
0.04083703481 5.68
0.04070258194 5.69
0.04055949009 5.7
0.04040779138 5.71
0.04024751984 5.72
0.04007871141 5.73
0.03990140392 5.74
0.03971563711 5.75
0.03952145256 5.76
0.03931889375 5.77
0.03910800598 5.78
0.0388888364 5.79
0.038661434 5.8
0.03842584953 5.81
0.0381821356 5.82
0.03793034654 5.83
0.03767053848 5.84
0.03740276929 5.85
0.03712709856 5.86
0.03684358761 5.87
0.03655229943 5.88
0.03625329872 5.89
0.03594665182 5.9
0.03563242671 5.91
0.03531069301 5.92
0.03498152191 5.93
0.03464498622 5.94
0.03430116029 5.95
0.03395012 5.96
0.03359194277 5.97
0.03322670751 5.98
0.0328544946 5.99
0.03247538589 6
0.03208946463 6.01
0.03169681551 6.02
0.03129752459 6.03
0.03089167929 6.04
0.03047936837 6.05
0.0300606819 6.06
0.02963571124 6.07
0.02920454901 6.08
0.02876728908 6.09
0.02832402652 6.1
0.0278748576 6.11
0.02741987974 6.12
0.02695919149 6.13
0.02649289255 6.14
0.02602108366 6.15
0.02554386664 6.16
0.02506134433 6.17
0.02457362058 6.18
0.02408080022 6.19
0.02358298904 6.2
0.02308029372 6.21
0.02257282187 6.22
0.02206068195 6.23
0.02154398326 6.24
0.02102283594 6.25
0.02049735088 6.26
0.01996763974 6.27
0.01943381492 6.28
0.01889598952 6.29
0.0183542773 6.3
0.01780879269 6.31
0.01725965072 6.32
0.01670696701 6.33
0.01615085775 6.34
0.01559143967 6.35
0.01502883001 6.36
0.01446314646 6.37
0.0138945072 6.38
0.01332303081 6.39
0.01274883628 6.4
0.01217204294 6.41
0.01159277051 6.42
0.01101113897 6.43
0.01042726862 6.44
0.009841280015 6.45
0.00925329393 6.46
0.008663431353 6.47
0.008071813446 6.48
0.007478561524 6.49
0.006883797025 6.5
0.006287641484 6.51
0.005690216507 6.52
0.005091643747 6.53
0.004492044872 6.54
0.003891541547 6.55
0.003290255401 6.56
0.002688308006 6.57
0.002085820851 6.58
0.001482915314 6.59
0.0008797126413 6.6
0.0002763339187 6.61
-0.0003270999502 6.62
-0.0009304682695 6.63
-0.001533650575 6.64
-0.002136526659 6.65
-0.002738976591 6.66
-0.003340880746 6.67
-0.003942119823 6.68
-0.004542574871 6.69
-0.00514212731 6.7
-0.005740658955 6.71
-0.006338052037 6.72
-0.006934189225 6.73
-0.00752895365 6.74
-0.008122228923 6.75
-0.008713899159 6.76
-0.009303848997 6.77
-0.00989196362 6.78
-0.01047812878 6.79
-0.0110622308 6.8
-0.01164415663 6.81
-0.01222379383 6.82
-0.01280103062 6.83
-0.01337575585 6.84
-0.01394785909 6.85
-0.01451723059 6.86
-0.01508376133 6.87
-0.01564734301 6.88
-0.0162078681 6.89
-0.01676522985 6.9
-0.01731932227 6.91
-0.01787004021 6.92
-0.01841727933 6.93
-0.01896093611 6.94
-0.01950090791 6.95
-0.02003709296 6.96
-0.02056939037 6.97
-0.02109770015 6.98
-0.02162192323 6.99
-0.02214196148 7
-0.0226577177 7.01
-0.02316909567 7.02
-0.02367600012 7.03
-0.0241783368 7.04
-0.02467601243 7.05
-0.02516893477 7.06
-0.02565701258 7.07
-0.0261401557 7.08
-0.02661827499 7.09
-0.02709128238 7.1
-0.02755909088 7.11
-0.0280216146 7.12
-0.02847876873 7.13
-0.02893046958 7.14
-0.02937663459 7.15
-0.02981718232 7.16
-0.03025203246 7.17
-0.0306811059 7.18
-0.03110432463 7.19
-0.03152161186 7.2
-0.03193289197 7.21
-0.03233809051 7.22
-0.03273713426 7.23
-0.03312995119 7.24
-0.03351647049 7.25
-0.03389662258 7.26
-0.03427033912 7.27
-0.03463755299 7.28
-0.03499819834 7.29
-0.03535221057 7.3
-0.03569952634 7.31
-0.03604008358 7.32
-0.03637382152 7.33
-0.03670068064 7.34
-0.03702060274 7.35
-0.0373335309 7.36
-0.03763940952 7.37
-0.03793818428 7.38
-0.03822980221 7.39
-0.03851421165 7.4
-0.03879136225 7.41
-0.03906120501 7.42
-0.03932369226 7.43
-0.03957877767 7.44
-0.03982641625 7.45
-0.04006656439 7.46
-0.04029917979 7.47
-0.04052422154 7.48
-0.04074165009 7.49
-0.04095142724 7.5
-0.04115351619 7.51
-0.04134788149 7.52
-0.04153448907 7.53
-0.04171330625 7.54
-0.04188430173 7.55
-0.0420474456 7.56
-0.04220270933 7.57
-0.04235006579 7.58
-0.04248948926 7.59
-0.04262095538 7.6
-0.04274444123 7.61
-0.04285992526 7.62
-0.04296738735 7.63
-0.04306680876 7.64
-0.04315817218 7.65
-0.0432414617 7.66
-0.04331666281 7.67
-0.04338376243 7.68
-0.04344274889 7.69
-0.04349361192 7.7
-0.04353634267 7.71
-0.04357093371 7.72
-0.04359737904 7.73
-0.04361567404 7.74
-0.04362581555 7.75
-0.04362780179 7.76
-0.04362163242 7.77
-0.04360730852 7.78
-0.04358483257 7.79
-0.04355420849 7.8
-0.04351544159 7.81
-0.04346853862 7.82
-0.04341350773 7.83
-0.0433503585 7.84
-0.04327910192 7.85
-0.04319975037 7.86
-0.04311231769 7.87
-0.04301681908 7.88
-0.04291327119 7.89
-0.04280169206 7.9
-0.04268210112 7.91
-0.04255451924 7.92
-0.04241896867 7.93
-0.04227547307 7.94
-0.04212405749 7.95
-0.04196474839 7.96
-0.0417975736 7.97
-0.04162256236 7.98
-0.0414397453 7.99
-0.04124915444 8
-0.04105082315 8.01
-0.04084478621 8.02
-0.04063107978 8.03
-0.04040974137 8.04
-0.04018080986 8.05
-0.03994432552 8.06
-0.03970032997 8.07
-0.03944886616 8.08
-0.03918997843 8.09
-0.03892371245 8.1
-0.03865011524 8.11
-0.03836923515 8.12
-0.03808112188 8.13
-0.03778582644 8.14
-0.03748340117 8.15
-0.03717389974 8.16
-0.03685737711 8.17
-0.03653388957 8.18
-0.03620349469 8.19
-0.03586625136 8.2
-0.03552221972 8.21
-0.03517146124 8.22
-0.03481403861 8.23
-0.03445001584 8.24
-0.03407945815 8.25
-0.03370243207 8.26
-0.03331900532 8.27
-0.03292924688 8.28
-0.03253322699 8.29
-0.03213101705 8.3
-0.03172268972 8.31
-0.03130831886 8.32
-0.0308879795 8.33
-0.03046174787 8.34
-0.0300297014 8.35
-0.02959191864 8.36
-0.02914847934 8.37
-0.02869946437 8.38
-0.02824495576 8.39
-0.02778503665 8.4
-0.0273197913 8.41
-0.02684930508 8.42
-0.02637366444 8.43
-0.02589295694 8.44
-0.02540727117 8.45
-0.02491669682 8.46
-0.02442132461 8.47
-0.02392124627 8.48
-0.02341655459 8.49
-0.02290734335 8.5
-0.02239370732 8.51
-0.02187574226 8.52
-0.0213535449 8.53
-0.0208272129 8.54
-0.0202968449 8.55
-0.01976254042 8.56
-0.01922439993 8.57
-0.01868252476 8.58
-0.01813701714 8.59
-0.01758798016 8.6
-0.01703551776 8.61
-0.01647973469 8.62
-0.01592073655 8.63
-0.01535862971 8.64
-0.01479352132 8.65
-0.01422551932 8.66
-0.01365473236 8.67
-0.01308126986 8.68
-0.01250524191 8.69
-0.01192675931 8.7
-0.01134593354 8.71
-0.01076287671 8.72
-0.01017770159 8.73
-0.009590521543 8.74
-0.009001450547 8.75
-0.008410603143 8.76
-0.007818094429 8.77
-0.007224040038 8.78
-0.006628556115 8.79
-0.006031759299 8.8
-0.005433766698 8.81
-0.00483469587 8.82
-0.0042346648 8.83
-0.003633791878 8.84
-0.003032195879 8.85
-0.002429995934 8.86
-0.001827311514 8.87
-0.001224262404 8.88
-0.0006209686795 8.89
-1.755068219e-05 8.9
0.0005858710016 8.91
0.001189175567 8.92
0.001792242013 8.93
0.002394949168 8.94
0.002997175716 8.95
0.003598800219 8.96
0.004199701142 8.97
0.00479975688 8.98
0.005398845783 8.99
0.005996846181 9
0.006593636409 9.01
0.007189094837 9.02
0.007783099891 9.03
0.008375530081 9.04
0.008966264031 9.05
0.0095551805 9.06
0.01014215841 9.07
0.01072707688 9.08
0.01130981525 9.09
0.01189025308 9.1
0.01246827024 9.11
0.01304374688 9.12
0.01361656348 9.13
0.01418660086 9.14
0.01475374025 9.15
0.01531786328 9.16
0.01587885201 9.17
0.01643658897 9.18
0.01699095719 9.19
0.01754184021 9.2
0.01808912213 9.21
0.01863268762 9.22
0.01917242196 9.23
0.01970821106 9.24
0.02023994149 9.25
0.02076750051 9.26
0.02129077609 9.27
0.02180965697 9.28
0.02232403264 9.29
0.02283379338 9.3
0.02333883032 9.31
0.02383903544 9.32
0.02433430159 9.33
0.02482452254 9.34
0.025309593 9.35
0.02578940864 9.36
0.02626386612 9.37
0.02673286312 9.38
0.02719629837 9.39
0.02765407165 9.4
0.02810608387 9.41
0.02855223703 9.42
0.02899243431 9.43
0.02942658004 9.44
0.02985457978 9.45
0.03027634028 9.46
0.03069176957 9.47
0.03110077695 9.48
0.03150327302 9.49
0.0318991697 9.5
0.03228838025 9.51
0.03267081934 9.52
0.03304640299 9.53
0.03341504867 9.54
0.03377667528 9.55
0.0341312032 9.56
0.03447855427 9.57
0.03481865187 9.58
0.03515142088 9.59
0.03547678775 9.6
0.0357946805 9.61
0.03610502873 9.62
0.03640776368 9.63
0.03670281818 9.64
0.03699012676 9.65
0.03726962556 9.66
0.03754125247 9.67
0.03780494704 9.68
0.03806065056 9.69
0.03830830605 9.7
0.03854785831 9.71
0.03877925388 9.72
0.03900244111 9.73
0.03921737014 9.74
0.03942399292 9.75
0.03962226326 9.76
0.03981213678 9.77
0.03999357098 9.78
0.04016652521 9.79
0.04033096072 9.8
0.04048684064 9.81
0.04063413 9.82
0.04077279576 9.83
0.0409028068 9.84
0.04102413391 9.85
0.04113674984 9.86
0.04124062928 9.87
0.0413357489 9.88
0.0414220873 9.89
0.04149962506 9.9
0.04156834476 9.91
0.04162823092 9.92
0.04167927007 9.93
0.04172145072 9.94
0.04175476339 9.95
0.04177920057 9.96
0.04179475676 9.97
0.04180142846 9.98
0.04179921417 9.99
