0 0
0.01 0.0006033241252
0.02 0.00120664825
0.03 0.001809851601
0.04 0.002412813186
0.05 0.003015411818
0.06 0.00361752614
0.07 0.004219034653
0.08 0.004819815734
0.09 0.005419747668
0.1 0.00601870867
0.11 0.00661657691
0.12 0.007213230541
0.13 0.007808547723
0.14 0.00840240665
0.15 0.008994685575
0.16 0.009585262838
0.17 0.01017401689
0.18 0.01076082633
0.19 0.01134556992
0.2 0.01192812659
0.21 0.01250837554
0.22 0.01308619618
0.23 0.01366146821
0.24 0.01423407162
0.25 0.01480388675
0.26 0.01537079428
0.27 0.01593467529
0.28 0.01649541126
0.29 0.01705288412
0.3 0.01760697627
0.31 0.0181575706
0.32 0.01870455053
0.33 0.01924780004
0.34 0.01978720369
0.35 0.02032264663
0.36 0.02085401467
0.37 0.02138119427
0.38 0.02190407261
0.39 0.02242253756
0.4 0.02293647776
0.41 0.02344578262
0.42 0.02395034237
0.43 0.02445004804
0.44 0.02494479156
0.45 0.02543446573
0.46 0.02591896426
0.47 0.02639818184
0.48 0.02687201408
0.49 0.02734035762
0.5 0.02780311013
0.51 0.02826017032
0.52 0.02871143798
0.53 0.02915681402
0.54 0.02959620047
0.55 0.03002950052
0.56 0.03045661855
0.57 0.03087746014
0.58 0.03129193213
0.59 0.03169994261
0.6 0.03210140094
0.61 0.03249621782
0.62 0.03288430526
0.63 0.03326557667
0.64 0.03363994679
0.65 0.03400733183
0.66 0.03436764938
0.67 0.03472081851
0.68 0.03506675978
0.69 0.03540539522
0.7 0.0357366484
0.71 0.03606044444
0.72 0.03637671002
0.73 0.03668537341
0.74 0.03698636447
0.75 0.03727961471
0.76 0.03756505729
0.77 0.03784262701
0.78 0.03811226038
0.79 0.0383738956
0.8 0.03862747261
0.81 0.03887293307
0.82 0.03911022041
0.83 0.03933927984
0.84 0.03956005833
0.85 0.0397725047
0.86 0.03997656956
0.87 0.04017220536
0.88 0.04035936641
0.89 0.04053800888
0.9 0.04070809081
0.91 0.04086957213
0.92 0.0410224147
0.93 0.04116658225
0.94 0.04130204047
0.95 0.04142875697
0.96 0.0415467013
0.97 0.04165584498
0.98 0.04175616148
0.99 0.04184762625
1 0.04193021671
1.01 0.04200391228
1.02 0.04206869436
1.03 0.04212454636
1.04 0.0421714537
1.05 0.04220940377
1.06 0.04223838603
1.07 0.04225839192
1.08 0.0422694149
1.09 0.04227145048
1.1 0.04226449616
1.11 0.04224855149
1.12 0.04222361803
1.13 0.04218969938
1.14 0.04214680116
1.15 0.04209493101
1.16 0.04203409859
1.17 0.04196431559
1.18 0.04188559571
1.19 0.04179795466
1.2 0.04170141018
1.21 0.04159598198
1.22 0.0414816918
1.23 0.04135856336
1.24 0.04122662235
1.25 0.04108589648
1.26 0.04093641539
1.27 0.04077821071
1.28 0.040611316
1.29 0.0404357668
1.3 0.04025160055
1.31 0.04005885663
1.32 0.03985757633
1.33 0.03964780285
1.34 0.03942958126
1.35 0.03920295853
1.36 0.03896798347
1.37 0.03872470677
1.38 0.03847318091
1.39 0.03821346023
1.4 0.03794560086
1.41 0.03766966072
1.42 0.0373856995
1.43 0.03709377864
1.44 0.03679396134
1.45 0.03648631249
1.46 0.03617089872
1.47 0.03584778831
1.48 0.03551705121
1.49 0.03517875904
1.5 0.03483298503
1.51 0.03447980399
1.52 0.03411929236
1.53 0.03375152811
1.54 0.03337659077
1.55 0.03299456137
1.56 0.03260552245
1.57 0.03220955803
1.58 0.03180675356
1.59 0.03139719595
1.6 0.03098097349
1.61 0.03055817585
1.62 0.03012889407
1.63 0.02969322052
1.64 0.02925124886
1.65 0.02880307405
1.66 0.0283487923
1.67 0.02788850106
1.68 0.02742229895
1.69 0.02695028582
1.7 0.02647256263
1.71 0.02598923149
1.72 0.0255003956
1.73 0.02500615923
1.74 0.0245066277
1.75 0.02400190734
1.76 0.02349210549
1.77 0.02297733042
1.78 0.02245769138
1.79 0.02193329848
1.8 0.02140426273
1.81 0.02087069601
1.82 0.02033271099
1.83 0.01979042116
1.84 0.01924394076
1.85 0.01869338477
1.86 0.0181388689
1.87 0.01758050952
1.88 0.01701842366
1.89 0.01645272897
1.9 0.01588354372
1.91 0.01531098671
1.92 0.0147351773
1.93 0.01415623537
1.94 0.01357428127
1.95 0.0129894358
1.96 0.01240182019
1.97 0.01181155608
1.98 0.01121876546
1.99 0.01062357068
2 0.01002609439
2.01 0.009426459527
2.02 0.008824789287
2.03 0.008221207098
2.04 0.007615836588
2.05 0.00700880156
2.06 0.006400225964
2.07 0.005790233871
2.08 0.005178949444
2.09 0.004566496913
2.1 0.003953000544
2.11 0.003338584621
2.12 0.00272337341
2.13 0.002107491137
2.14 0.001491061965
2.15 0.0008742099629
2.16 0.0002570590809
2.17 -0.0003602668723
2.18 -0.0009776442571
2.19 -0.001594949628
2.2 -0.002212059756
2.21 -0.002828851657
2.22 -0.003445202615
2.23 -0.004060990203
2.24 -0.004676092311
2.25 -0.005290387169
2.26 -0.005903753368
2.27 -0.006516069886
2.28 -0.007127216109
2.29 -0.007737071857
2.3 -0.0083455174
2.31 -0.008952433488
2.32 -0.009557701366
2.33 -0.0101612028
2.34 -0.0107628201
2.35 -0.01136243614
2.36 -0.01195993436
2.37 -0.01255519883
2.38 -0.01314811422
2.39 -0.01373856586
2.4 -0.01432643974
2.41 -0.01491162253
2.42 -0.01549400161
2.43 -0.01607346507
2.44 -0.01664990175
2.45 -0.01722320124
2.46 -0.01779325392
2.47 -0.01835995095
2.48 -0.01892318431
2.49 -0.01948284681
2.5 -0.02003883209
2.51 -0.02059103468
2.52 -0.02113934997
2.53 -0.02168367425
2.54 -0.02222390472
2.55 -0.02275993951
2.56 -0.02329167769
2.57 -0.02381901929
2.58 -0.0243418653
2.59 -0.02486011772
2.6 -0.02537367951
2.61 -0.02588245469
2.62 -0.02638634829
2.63 -0.02688526636
2.64 -0.02737911603
2.65 -0.0278678055
2.66 -0.02835124403
2.67 -0.02882934198
2.68 -0.02930201082
2.69 -0.02976916313
2.7 -0.03023071262
2.71 -0.03068657414
2.72 -0.03113666369
2.73 -0.03158089842
2.74 -0.03201919666
2.75 -0.03245147793
2.76 -0.03287766294
2.77 -0.03329767357
2.78 -0.03371143296
2.79 -0.03411886543
2.8 -0.03451989655
2.81 -0.03491445313
2.82 -0.03530246321
2.83 -0.03568385611
2.84 -0.0360585624
2.85 -0.03642651392
2.86 -0.03678764379
2.87 -0.03714188642
2.88 -0.03748917753
2.89 -0.03782945412
2.9 -0.0381626545
2.91 -0.03848871831
2.92 -0.0388075865
2.93 -0.03911920137
2.94 -0.03942350653
2.95 -0.03972044694
2.96 -0.04000996891
2.97 -0.04029202011
2.98 -0.04056654955
2.99 -0.04083350763
3 -0.04109284608
3.01 -0.04134451805
3.02 -0.04158847804
3.03 -0.04182468193
3.04 -0.04205308701
3.05 -0.04227365194
3.06 -0.0424863368
3.07 -0.04269110304
3.08 -0.04288791354
3.09 -0.04307673258
3.1 -0.04325752585
3.11 -0.04343026045
3.12 -0.04359490492
3.13 -0.04375142918
3.14 -0.04389980462
3.15 -0.04404000404
3.16 -0.04417200164
3.17 -0.04429577311
3.18 -0.04441129552
3.19 -0.04451854741
3.2 -0.04461750876
3.21 -0.04470816096
3.22 -0.04479048688
3.23 -0.04486447081
3.24 -0.0449300985
3.25 -0.04498735715
3.26 -0.04503623539
3.27 -0.04507672331
3.28 -0.04510881247
3.29 -0.04513249585
3.3 -0.04514776792
3.31 -0.04515462457
3.32 -0.04515306316
3.33 -0.04514308251
3.34 -0.04512468288
3.35 -0.04509786601
3.36 -0.04506263507
3.37 -0.04501899471
3.38 -0.04496695101
3.39 -0.04490651152
3.4 -0.04483768525
3.41 -0.04476048266
3.42 -0.04467491566
3.43 -0.04458099761
3.44 -0.04447874333
3.45 -0.04436816909
3.46 -0.04424929261
3.47 -0.04412213305
3.48 -0.04398671104
3.49 -0.04384304863
3.5 -0.04369116933
3.51 -0.04353109808
3.52 -0.04336286127
3.53 -0.04318648674
3.54 -0.04300200372
3.55 -0.04280944294
3.56 -0.0426088365
3.57 -0.04240021797
3.58 -0.04218362233
3.59 -0.04195908598
3.6 -0.04172664674
3.61 -0.04148634385
3.62 -0.04123821797
3.63 -0.04098231115
3.64 -0.04071866687
3.65 -0.04044732999
3.66 -0.04016834678
3.67 -0.0398817649
3.68 -0.0395876334
3.69 -0.03928600271
3.7 -0.03897692465
3.71 -0.0386604524
3.72 -0.03833664054
3.73 -0.03800554497
3.74 -0.03766722298
3.75 -0.03732173321
3.76 -0.03696913564
3.77 -0.03660949159
3.78 -0.03624286374
3.79 -0.03586931606
3.8 -0.03548891388
3.81 -0.03510172381
3.82 -0.0347078138
3.83 -0.03430725308
3.84 -0.03390011219
3.85 -0.03348646295
3.86 -0.03306637845
3.87 -0.03263993306
3.88 -0.03220720241
3.89 -0.03176826338
3.9 -0.0313231941
3.91 -0.03087207394
3.92 -0.03041498348
3.93 -0.02995200453
3.94 -0.02948322011
3.95 -0.02900871442
3.96 -0.02852857287
3.97 -0.02804288202
3.98 -0.02755172963
3.99 -0.02705520458
4 -0.02655339691
4.01 -0.0260463978
4.02 -0.02553429953
4.03 -0.02501719551
4.04 -0.02449518022
4.05 -0.02396834926
4.06 -0.02343679927
4.07 -0.02290062795
4.08 -0.02235993405
4.09 -0.02181481736
4.1 -0.02126537867
4.11 -0.02071171979
4.12 -0.02015394349
4.13 -0.01959215355
4.14 -0.01902645467
4.15 -0.01845695251
4.16 -0.01788375367
4.17 -0.01730696563
4.18 -0.01672669679
4.19 -0.01614305642
4.2 -0.01555615464
4.21 -0.01496610243
4.22 -0.01437301159
4.23 -0.01377699472
4.24 -0.01317816523
4.25 -0.01257663727
4.26 -0.01197252579
4.27 -0.01136594643
4.28 -0.01075701556
4.29 -0.01014585026
4.3 -0.009532568274
4.31 -0.008917287998
4.32 -0.008300128469
4.33 -0.007681209338
4.34 -0.007060650849
4.35 -0.006438573818
4.36 -0.005815099613
4.37 -0.00519035013
4.38 -0.004564447771
4.39 -0.003937515424
4.4 -0.003309676438
4.41 -0.0026810546
4.42 -0.002051774113
4.43 -0.001421959572
4.44 -0.0007917359386
4.45 -0.0001612285199
4.46 0.0004694370579
4.47 0.001100134874
4.48 0.001730738736
4.49 0.002361122208
4.5 0.002991158634
4.51 0.003620721163
4.52 0.004249682776
4.53 0.004877916312
4.54 0.005505294493
4.55 0.006131689953
4.56 0.006756975261
4.57 0.007381022953
4.58 0.008003705552
4.59 0.008624895603
4.6 0.009244465694
4.61 0.00986228849
4.62 0.01047823676
4.63 0.01109218338
4.64 0.01170400143
4.65 0.01231356412
4.66 0.01292074492
4.67 0.01352541752
4.68 0.01412745589
4.69 0.01472673429
4.7 0.01532312732
4.71 0.01591650995
4.72 0.01650675751
4.73 0.01709374577
4.74 0.01767735093
4.75 0.01825744969
4.76 0.01883391923
4.77 0.01940663728
4.78 0.01997548213
4.79 0.02054033267
4.8 0.0211010684
4.81 0.0216575695
4.82 0.02220971681
4.83 0.02275739189
4.84 0.02330047704
4.85 0.02383885535
4.86 0.02437241068
4.87 0.02490102776
4.88 0.02542459215
4.89 0.02594299032
4.9 0.02645610965
4.91 0.02696383846
4.92 0.02746606608
4.93 0.02796268281
4.94 0.02845358002
4.95 0.02893865012
4.96 0.02941778661
4.97 0.02989088415
4.98 0.0303578385
4.99 0.03081854664
5 0.03127290673
5.01 0.03172081818
5.02 0.03216218165
5.03 0.03259689909
5.04 0.03302487377
5.05 0.03344601031
5.06 0.03386021468
5.07 0.03426739425
5.08 0.03466745783
5.09 0.03506031565
5.1 0.03544587944
5.11 0.03582406239
5.12 0.03619477924
5.13 0.03655794627
5.14 0.03691348133
5.15 0.03726130385
5.16 0.03760133489
5.17 0.03793349715
5.18 0.03825771499
5.19 0.03857391444
5.2 0.03888202326
5.21 0.0391819709
5.22 0.0394736886
5.23 0.03975710934
5.24 0.04003216788
5.25 0.04029880082
5.26 0.04055694655
5.27 0.04080654532
5.28 0.04104753925
5.29 0.04127987231
5.3 0.04150349039
5.31 0.04171834129
5.32 0.04192437474
5.33 0.04212154238
5.34 0.04230979786
5.35 0.04248909676
5.36 0.04265939666
5.37 0.04282065715
5.38 0.04297283982
5.39 0.04311590826
5.4 0.04324982814
5.41 0.04337456715
5.42 0.04349009502
5.43 0.04359638358
5.44 0.0436934067
5.45 0.04378114035
5.46 0.04385956258
5.47 0.04392865355
5.48 0.04398839551
5.49 0.04403877282
5.5 0.04407977196
5.51 0.04411138152
5.52 0.04413359221
5.53 0.04414639689
5.54 0.04414979051
5.55 0.04414377019
5.56 0.04412833514
5.57 0.04410348674
5.58 0.04406922848
5.59 0.04402556599
5.6 0.04397250702
5.61 0.04391006146
5.62 0.04383824133
5.63 0.04375706076
5.64 0.043666536
5.65 0.04356668543
5.66 0.04345752952
5.67 0.04333909085
5.68 0.04321139411
5.69 0.04307446607
5.7 0.04292833559
5.71 0.04277303358
5.72 0.04260859306
5.73 0.04243504908
5.74 0.04225243872
5.75 0.04206080114
5.76 0.04186017748
5.77 0.04165061094
5.78 0.04143214667
5.79 0.04120483186
5.8 0.04096871562
5.81 0.04072384907
5.82 0.04047028524
5.83 0.04020807912
5.84 0.03993728758
5.85 0.03965796943
5.86 0.03937018531
5.87 0.03907399778
5.88 0.03876947121
5.89 0.0384566718
5.9 0.03813566758
5.91 0.03780652835
5.92 0.03746932569
5.93 0.03712413292
5.94 0.0367710251
5.95 0.036410079
5.96 0.03604137306
5.97 0.03566498739
5.98 0.03528100375
5.99 0.03488950552
6 0.03449057767
6.01 0.03408430673
6.02 0.03367078079
6.03 0.03325008947
6.04 0.03282232388
6.05 0.0323875766
6.06 0.03194594166
6.07 0.03149751452
6.08 0.03104239203
6.09 0.03058067241
6.1 0.03011245523
6.11 0.02963784135
6.12 0.02915693296
6.13 0.02866983347
6.14 0.02817664756
6.15 0.0276774811
6.16 0.02717244113
6.17 0.02666163585
6.18 0.02614517458
6.19 0.02562316774
6.2 0.02509572678
6.21 0.02456296423
6.22 0.02402499359
6.23 0.02348192936
6.24 0.02293388697
6.25 0.02238098277
6.26 0.02182333401
6.27 0.02126105878
6.28 0.020694276
6.29 0.02012310541
6.3 0.01954766748
6.31 0.01896808345
6.32 0.01838447525
6.33 0.0177969655
6.34 0.01720567745
6.35 0.016610735
6.36 0.0160122626
6.37 0.01541038527
6.38 0.01480522858
6.39 0.01419691856
6.4 0.01358558174
6.41 0.01297134508
6.42 0.01235433592
6.43 0.01173468202
6.44 0.01111251146
6.45 0.01048795266
6.46 0.009861134304
6.47 0.009232185361
6.48 0.008601235018
6.49 0.007968412669
6.5 0.007333847878
6.51 0.006697670356
6.52 0.006060009929
6.53 0.00542099651
6.54 0.004780760072
6.55 0.004139430619
6.56 0.003497138156
6.57 0.002854012668
6.58 0.002210184082
6.59 0.001565782251
6.6 0.0009209369169
6.61 0.0002757776911
6.62 -0.0003695659765
6.63 -0.001014964822
6.64 -0.001660289796
6.65 -0.002305412086
6.66 -0.002950203145
6.67 -0.003594534716
6.68 -0.004238278857
6.69 -0.004881307968
6.7 -0.005523494811
6.71 -0.006164712542
6.72 -0.006804834726
6.73 -0.007443735369
6.74 -0.008081288936
6.75 -0.008717370379
6.76 -0.009351855157
6.77 -0.009984619258
6.78 -0.01061553923
6.79 -0.01124449218
6.8 -0.01187135583
6.81 -0.01249600851
6.82 -0.0131183292
6.83 -0.01373819754
6.84 -0.01435549383
6.85 -0.01497009911
6.86 -0.01558189511
6.87 -0.01619076433
6.88 -0.01679659
6.89 -0.01739925616
6.9 -0.01799864765
6.91 -0.0185946501
6.92 -0.01918715001
6.93 -0.01977603471
6.94 -0.02036119243
6.95 -0.02094251227
6.96 -0.02151988425
6.97 -0.0220931993
6.98 -0.0226623493
6.99 -0.0232272271
7 -0.0237877265
7.01 -0.02434374231
7.02 -0.02489517033
7.03 -0.02544190739
7.04 -0.02598385134
7.05 -0.0265209011
7.06 -0.02705295663
7.07 -0.027579919
7.08 -0.02810169033
7.09 -0.02861817387
7.1 -0.02912927399
7.11 -0.02963489617
7.12 -0.03013494705
7.13 -0.03062933442
7.14 -0.03111796724
7.15 -0.03160075563
7.16 -0.03207761093
7.17 -0.03254844567
7.18 -0.03301317357
7.19 -0.0334717096
7.2 -0.03392396996
7.21 -0.03436987208
7.22 -0.03480933466
7.23 -0.03524227765
7.24 -0.03566862229
7.25 -0.03608829107
7.26 -0.0365012078
7.27 -0.03690729759
7.28 -0.03730648683
7.29 -0.03769870326
7.3 -0.03808387592
7.31 -0.0384619352
7.32 -0.03883281282
7.33 -0.03919644185
7.34 -0.03955275671
7.35 -0.0399016932
7.36 -0.04024318845
7.37 -0.04057718102
7.38 -0.0409036108
7.39 -0.04122241909
7.4 -0.0415335486
7.41 -0.0418369434
7.42 -0.04213254901
7.43 -0.04242031233
7.44 -0.04270018168
7.45 -0.04297210682
7.46 -0.04323603891
7.47 -0.04349193056
7.48 -0.04373973581
7.49 -0.04397941014
7.5 -0.04421091047
7.51 -0.04443419518
7.52 -0.04464922408
7.53 -0.04485595846
7.54 -0.04505436107
7.55 -0.0452443961
7.56 -0.04542602923
7.57 -0.04559922759
7.58 -0.04576395981
7.59 -0.04592019597
7.6 -0.04606790763
7.61 -0.04620706786
7.62 -0.04633765118
7.63 -0.04645963362
7.64 -0.04657299268
7.65 -0.04667770736
7.66 -0.04677375816
7.67 -0.04686112705
7.68 -0.04693979753
7.69 -0.04700975458
7.7 -0.04707098467
7.71 -0.04712347578
7.72 -0.0471672174
7.73 -0.04720220051
7.74 -0.0472284176
7.75 -0.04724586267
7.76 -0.04725453121
7.77 -0.04725442023
7.78 -0.04724552824
7.79 -0.04722785526
7.8 -0.04720140281
7.81 -0.04716617394
7.82 -0.04712217317
7.83 -0.04706940657
7.84 -0.04700788168
7.85 -0.04693760757
7.86 -0.0468585948
7.87 -0.04677085546
7.88 -0.04667440311
7.89 -0.04656925285
7.9 -0.04645542126
7.91 -0.04633292642
7.92 -0.04620178793
7.93 -0.04606202688
7.94 -0.04591366586
7.95 -0.04575672894
7.96 -0.0455912417
7.97 -0.04541723123
7.98 -0.04523472607
7.99 -0.04504375629
8 -0.04484435341
8.01 -0.04463655047
8.02 -0.04442038196
8.03 -0.04419588386
8.04 -0.04396309364
8.05 -0.04372205023
8.06 -0.04347279402
8.07 -0.04321536689
8.08 -0.04294981217
8.09 -0.04267617464
8.1 -0.04239450056
8.11 -0.04210483762
8.12 -0.04180723496
8.13 -0.04150174319
8.14 -0.04118841432
8.15 -0.04086730182
8.16 -0.04053846058
8.17 -0.04020194692
8.18 -0.03985781858
8.19 -0.03950613471
8.2 -0.03914695587
8.21 -0.03878034403
8.22 -0.03840636254
8.23 -0.03802507615
8.24 -0.03763655101
8.25 -0.03724085462
8.26 -0.03683805587
8.27 -0.03642822502
8.28 -0.03601143367
8.29 -0.03558775478
8.3 -0.03515726265
8.31 -0.03472003292
8.32 -0.03427614254
8.33 -0.03382566981
8.34 -0.03336869429
8.35 -0.0329052969
8.36 -0.03243555981
8.37 -0.03195956649
8.38 -0.03147740167
8.39 -0.03098915137
8.4 -0.03049490283
8.41 -0.02999474457
8.42 -0.0294887663
8.43 -0.02897705899
8.44 -0.0284597148
8.45 -0.0279368271
8.46 -0.02740849045
8.47 -0.02687480057
8.48 -0.02633585436
8.49 -0.02579174986
8.5 -0.02524258627
8.51 -0.0246884639
8.52 -0.02412948416
8.53 -0.02356574958
8.54 -0.02299736378
8.55 -0.02242443143
8.56 -0.02184705827
8.57 -0.02126535108
8.58 -0.02067941767
8.59 -0.02008936686
8.6 -0.01949530845
8.61 -0.01889735324
8.62 -0.01829561299
8.63 -0.0176902004
8.64 -0.01708122911
8.65 -0.01646881367
8.66 -0.0158530695
8.67 -0.01523411294
8.68 -0.01461206117
8.69 -0.01398703219
8.7 -0.01335914486
8.71 -0.01272851881
8.72 -0.01209527447
8.73 -0.01145953303
8.74 -0.01082141643
8.75 -0.01018104731
8.76 -0.009538549043
8.77 -0.008894045663
8.78 -0.008247661868
8.79 -0.007599522995
8.8 -0.006949754997
8.81 -0.00629848442
8.82 -0.005645838381
8.83 -0.004991944548
8.84 -0.004336931109
8.85 -0.003680926757
8.86 -0.003024060661
8.87 -0.002366462445
8.88 -0.001708262161
8.89 -0.001049590264
8.9 -0.0003905775895
8.91 0.0002686446722
8.92 0.0009279450036
8.93 0.001587191584
8.94 0.002246252318
8.95 0.002904994857
8.96 0.003563286633
8.97 0.004220994877
8.98 0.004877986656
8.99 0.00553412889
9 0.006189288388
9.01 0.006843331873
9.02 0.007496126008
9.03 0.008147537427
9.04 0.008797432763
9.05 0.009445678677
9.06 0.01009214189
9.07 0.01073668919
9.08 0.01137918752
9.09 0.01201950392
9.1 0.01265750564
9.11 0.01329306012
9.12 0.01392603503
9.13 0.01455629832
9.14 0.01518371822
9.15 0.0158081633
9.16 0.01642950247
9.17 0.01704760503
9.18 0.01766234072
9.19 0.0182735797
9.2 0.01888119263
9.21 0.01948505066
9.22 0.02008502551
9.23 0.02068098944
9.24 0.02127281535
9.25 0.02186037674
9.26 0.02244354782
9.27 0.02302220345
9.28 0.02359621927
9.29 0.02416547163
9.3 0.02472983772
9.31 0.02528919552
9.32 0.02584342389
9.33 0.02639240255
9.34 0.02693601216
9.35 0.02747413433
9.36 0.02800665162
9.37 0.02853344765
9.38 0.02905440703
9.39 0.02956941547
9.4 0.03007835979
9.41 0.03058112791
9.42 0.03107760896
9.43 0.03156769321
9.44 0.0320512722
9.45 0.03252823869
9.46 0.03299848675
9.47 0.03346191173
9.48 0.03391841034
9.49 0.03436788066
9.5 0.03481022216
9.51 0.03524533574
9.52 0.03567312375
9.53 0.03609349002
9.54 0.0365063399
9.55 0.03691158026
9.56 0.03730911953
9.57 0.03769886775
9.58 0.03808073655
9.59 0.03845463922
9.6 0.0388204907
9.61 0.03917820762
9.62 0.03952770834
9.63 0.03986891293
9.64 0.04020174326
9.65 0.04052612293
9.66 0.04084197741
9.67 0.04114923395
9.68 0.04144782168
9.69 0.04173767158
9.7 0.04201871654
9.71 0.04229089136
9.72 0.04255413276
9.73 0.04280837943
9.74 0.04305357201
9.75 0.04328965316
9.76 0.0435165675
9.77 0.04373426172
9.78 0.04394268451
9.79 0.04414178665
9.8 0.04433152096
9.81 0.04451184236
9.82 0.04468270788
9.83 0.04484407664
9.84 0.04499590989
9.85 0.04513817103
9.86 0.04527082559
9.87 0.04539384129
9.88 0.04550718799
9.89 0.04561083773
9.9 0.04570476477
9.91 0.04578894554
9.92 0.04586335868
9.93 0.04592798504
9.94 0.04598280769
9.95 0.04602781193
9.96 0.04606298529
9.97 0.04608831752
9.98 0.0461038006
9.99 0.04610942879
10 0.04610519855
