0 -0.06033241252
0.01 -0.06033241252
0.02 -0.06032033511
0.03 -0.06029615847
0.04 -0.06025986317
0.05 -0.06021143226
0.06 -0.06015085124
0.07 -0.06007810812
0.08 -0.05999319342
0.09 -0.05989610019
0.1 -0.05978682402
0.11 -0.0596653631
0.12 -0.05953171819
0.13 -0.05938589266
0.14 -0.0592278925
0.15 -0.05905772636
0.16 -0.05887540552
0.17 -0.05868094394
0.18 -0.05847435828
0.19 -0.0582556679
0.2 -0.05802489484
0.21 -0.0577820639
0.22 -0.05752720261
0.23 -0.05726034123
0.24 -0.05698151279
0.25 -0.0566907531
0.26 -0.05638810071
0.27 -0.05607359698
0.28 -0.05574728606
0.29 -0.05540921488
0.3 -0.05505943317
0.31 -0.05469799348
0.32 -0.05432495114
0.33 -0.05394036433
0.34 -0.05354429399
0.35 -0.05313680392
0.36 -0.05271796068
0.37 -0.05228783369
0.38 -0.05184649514
0.39 -0.05139402004
0.4 -0.05093048618
0.41 -0.05045597417
0.42 -0.04997056737
0.43 -0.04947435196
0.44 -0.04896741685
0.45 -0.04844985374
0.46 -0.04792175707
0.47 -0.047383224
0.48 -0.04683435444
0.49 -0.04627525101
0.5 -0.045706019
0.51 -0.04512676641
0.52 -0.04453760389
0.53 -0.04393864473
0.54 -0.04333000485
0.55 -0.04271180279
0.56 -0.04208415965
0.57 -0.04144719911
0.58 -0.04080104738
0.59 -0.04014583319
0.6 -0.03948168775
0.61 -0.03880874473
0.62 -0.03812714025
0.63 -0.03743701282
0.64 -0.03673850333
0.65 -0.03603175501
0.66 -0.03531691342
0.67 -0.03459412637
0.68 -0.03386354394
0.69 -0.03312531842
0.7 -0.03237960425
0.71 -0.03162655804
0.72 -0.03086633848
0.73 -0.03009910633
0.74 -0.02932502437
0.75 -0.02854425734
0.76 -0.02775697196
0.77 -0.0269633368
0.78 -0.02616352233
0.79 -0.02535770079
0.8 -0.02454604621
0.81 -0.0237287343
0.82 -0.02290594249
0.83 -0.02207784981
0.84 -0.02124463684
0.85 -0.02040648573
0.86 -0.01956358007
0.87 -0.0187161049
0.88 -0.01786424661
0.89 -0.01700819292
0.9 -0.01614813284
0.91 -0.01528425657
0.92 -0.01441675547
0.93 -0.01354582202
0.94 -0.01267164975
0.95 -0.01179443318
0.96 -0.01091436778
0.97 -0.01003164991
0.98 -0.009146476724
0.99 -0.008259046183
1 -0.007369556944
1.01 -0.006478208317
1.02 -0.005585200212
1.03 -0.004690733074
1.04 -0.003795007824
1.05 -0.002898225805
1.06 -0.002000588717
1.07 -0.001102298558
1.08 -0.0002035575693
1.09 0.0006954318318
1.1 0.001594467107
1.11 0.00249334566
1.12 0.003391864892
1.13 0.004289822271
1.14 0.00518701538
1.15 0.006083241989
1.16 0.006978300106
1.17 0.007871988041
1.18 0.008764104466
1.19 0.009654448474
1.2 0.01054281964
1.21 0.01142901807
1.22 0.01231284448
1.23 0.01319410024
1.24 0.01407258743
1.25 0.01494810891
1.26 0.01582046836
1.27 0.01668947038
1.28 0.01755492046
1.29 0.01841662515
1.3 0.01927439203
1.31 0.02012802978
1.32 0.02097734827
1.33 0.02182215859
1.34 0.02266227309
1.35 0.02349750547
1.36 0.0243276708
1.37 0.02515258559
1.38 0.02597206781
1.39 0.026785937
1.4 0.02759401426
1.41 0.02839612233
1.42 0.02919208565
1.43 0.02998173035
1.44 0.03076488438
1.45 0.03154137747
1.46 0.03231104125
1.47 0.03307370924
1.48 0.03382921693
1.49 0.03457740178
1.5 0.03531810331
1.51 0.03605116312
1.52 0.03677642491
1.53 0.03749373454
1.54 0.03820294007
1.55 0.03890389179
1.56 0.03959644225
1.57 0.0402804463
1.58 0.04095576113
1.59 0.04162224629
1.6 0.04227976372
1.61 0.04292817782
1.62 0.0435673554
1.63 0.04419716578
1.64 0.04481748082
1.65 0.04542817486
1.66 0.04602912485
1.67 0.04662021032
1.68 0.0472013134
1.69 0.04777231885
1.7 0.0483331141
1.71 0.04888358925
1.72 0.04942363709
1.73 0.0499531531
1.74 0.05047203553
1.75 0.05098018533
1.76 0.05147750622
1.77 0.0519639047
1.78 0.05243929004
1.79 0.0529035743
1.8 0.05335667236
1.81 0.05379850189
1.82 0.05422898339
1.83 0.05464804018
1.84 0.05505559843
1.85 0.05545158712
1.86 0.0558359381
1.87 0.05620858603
1.88 0.05656946845
1.89 0.05691852573
1.9 0.05725570108
1.91 0.05758094056
1.92 0.05789419308
1.93 0.05819541039
1.94 0.05848454707
1.95 0.05876156053
1.96 0.05902641101
1.97 0.05927906156
1.98 0.05951947807
1.99 0.0597476292
2 0.05996348642
2.01 0.06016702399
2.02 0.06035821892
2.03 0.06053705102
2.04 0.06070350281
2.05 0.06085755957
2.06 0.0609992093
2.07 0.0611284427
2.08 0.06124525318
2.09 0.06134963682
2.1 0.06144159234
2.11 0.06152112114
2.12 0.06158822722
2.13 0.06164291719
2.14 0.06168520026
2.15 0.06171508819
2.16 0.06173259532
2.17 0.06173773848
2.18 0.06173053704
2.19 0.06171101283
2.2 0.06167919015
2.21 0.06163509575
2.22 0.06157875879
2.23 0.06151021082
2.24 0.06142948577
2.25 0.0613366199
2.26 0.0612316518
2.27 0.06111462236
2.28 0.06098557474
2.29 0.06084455433
2.3 0.06069160876
2.31 0.06052678785
2.32 0.06035014356
2.33 0.06016173002
2.34 0.05996160347
2.35 0.05974982221
2.36 0.05952644664
2.37 0.05929153915
2.38 0.05904516417
2.39 0.05878738807
2.4 0.0585182792
2.41 0.05823790781
2.42 0.05794634605
2.43 0.05764366794
2.44 0.05732994933
2.45 0.05700526787
2.46 0.05666970301
2.47 0.05632333593
2.48 0.05596624954
2.49 0.05559852846
2.5 0.05522025897
2.51 0.05483152897
2.52 0.05443242799
2.53 0.05402304716
2.54 0.05360347913
2.55 0.05317381809
2.56 0.05273415974
2.57 0.05228460126
2.58 0.05182524124
2.59 0.05135617973
2.6 0.05087751814
2.61 0.05038935926
2.62 0.04989180721
2.63 0.04938496742
2.64 0.04886894662
2.65 0.04834385278
2.66 0.04780979511
2.67 0.04726688402
2.68 0.04671523111
2.69 0.04615494913
2.7 0.04558615196
2.71 0.04500895458
2.72 0.04442347308
2.73 0.04382982456
2.74 0.04322812718
2.75 0.04261850012
2.76 0.04200106351
2.77 0.04137593847
2.78 0.04074324706
2.79 0.04010311222
2.8 0.03945565782
2.81 0.03880100858
2.82 0.03813929009
2.83 0.03747062875
2.84 0.03679515175
2.85 0.0361129871
2.86 0.03542426355
2.87 0.0347291106
2.88 0.03402765846
2.89 0.03332003806
2.9 0.03260638101
2.91 0.03188681956
2.92 0.03116148664
2.93 0.03043051577
2.94 0.0296940411
2.95 0.02895219736
2.96 0.02820511984
2.97 0.02745294439
2.98 0.02669580739
2.99 0.02593384575
3 0.02516719686
3.01 0.0243959986
3.02 0.02362038931
3.03 0.02284050779
3.04 0.02205649328
3.05 0.0212684854
3.06 0.02047662421
3.07 0.01968105014
3.08 0.01888190399
3.09 0.01807932691
3.1 0.01727346041
3.11 0.01646444629
3.12 0.01565242671
3.13 0.01483754408
3.14 0.01401994113
3.15 0.01319976082
3.16 0.0123771464
3.17 0.01155224134
3.18 0.01072518934
3.19 0.009896134326
3.2 0.009065220409
3.21 0.008232591897
3.22 0.007398393267
3.23 0.006562769161
3.24 0.005725864367
3.25 0.004887823809
3.26 0.004048792535
3.27 0.003208915703
3.28 0.002368338566
3.29 0.001527206465
3.3 0.0006856648138
3.31 -0.0001561409161
3.32 -0.0009980652039
3.33 -0.001839962494
3.34 -0.002681687207
3.35 -0.003523093754
3.36 -0.004364036549
3.37 -0.005204370018
3.38 -0.006043948616
3.39 -0.006882626835
3.4 -0.007720259222
3.41 -0.008556700387
3.42 -0.009391805016
3.43 -0.01022542789
3.44 -0.01105742388
3.45 -0.01188764799
3.46 -0.01271595534
3.47 -0.01354220119
3.48 -0.01436624097
3.49 -0.01518793027
3.5 -0.01600712486
3.51 -0.01682368069
3.52 -0.01763745396
3.53 -0.01844830105
3.54 -0.01925607861
3.55 -0.02006064351
3.56 -0.02086185292
3.57 -0.02165956426
3.58 -0.02245363527
3.59 -0.02324392398
3.6 -0.02403028875
3.61 -0.02481258829
3.62 -0.02559068167
3.63 -0.02636442831
3.64 -0.02713368804
3.65 -0.02789832108
3.66 -0.02865818808
3.67 -0.02941315014
3.68 -0.03016306878
3.69 -0.03090780602
3.7 -0.03164722438
3.71 -0.03238118685
3.72 -0.03310955698
3.73 -0.03383219885
3.74 -0.03454897711
3.75 -0.03525975698
3.76 -0.03596440429
3.77 -0.03666278549
3.78 -0.03735476768
3.79 -0.0380402186
3.8 -0.03871900668
3.81 -0.03939100107
3.82 -0.04005607162
3.83 -0.04071408892
3.84 -0.04136492436
3.85 -0.04200845007
3.86 -0.04264453903
3.87 -0.04327306504
3.88 -0.04389390275
3.89 -0.04450692768
3.9 -0.04511201627
3.91 -0.04570904588
3.92 -0.04629789481
3.93 -0.04687844234
3.94 -0.04745056875
3.95 -0.04801415535
3.96 -0.04856908447
3.97 -0.04911523954
3.98 -0.04965250509
3.99 -0.05018076674
4 -0.05069991131
4.01 -0.05120982676
4.02 -0.05171040228
4.03 -0.05220152825
4.04 -0.05268309636
4.05 -0.05315499955
4.06 -0.05361713208
4.07 -0.05406938956
4.08 -0.05451166896
4.09 -0.05494386864
4.1 -0.0553658884
4.11 -0.05577762948
4.12 -0.05617899462
4.13 -0.05656988804
4.14 -0.05695021554
4.15 -0.05731988445
4.16 -0.05767880373
4.17 -0.05802688395
4.18 -0.05836403733
4.19 -0.05869017779
4.2 -0.05900522097
4.21 -0.05930908425
4.22 -0.05960168677
4.23 -0.0598829495
4.24 -0.06015279522
4.25 -0.06041114861
4.26 -0.0606579362
4.27 -0.06089308647
4.28 -0.06111652986
4.29 -0.06132819877
4.3 -0.06152802762
4.31 -0.06171595289
4.32 -0.06189191311
4.33 -0.06205584892
4.34 -0.06220770308
4.35 -0.06234742051
4.36 -0.06247494833
4.37 -0.06259023586
4.38 -0.06269323467
4.39 -0.0627838986
4.4 -0.06286218379
4.41 -0.0629280487
4.42 -0.06298145415
4.43 -0.06302236334
4.44 -0.06305074187
4.45 -0.06306655778
4.46 -0.06306978157
4.47 -0.06306038622
4.48 -0.06303834721
4.49 -0.06300364258
4.5 -0.06295625288
4.51 -0.0628961613
4.52 -0.06282335359
4.53 -0.06273781814
4.54 -0.06263954599
4.55 -0.06252853085
4.56 -0.06240476913
4.57 -0.06226825992
4.58 -0.06211900508
4.59 -0.06195700919
4.6 -0.06178227961
4.61 -0.06159482649
4.62 -0.06139466278
4.63 -0.06118180424
4.64 -0.06095626948
4.65 -0.06071807994
4.66 -0.06046725994
4.67 -0.06020383667
4.68 -0.05992784021
4.69 -0.05963930355
4.7 -0.05933826256
4.71 -0.05902475607
4.72 -0.05869882581
4.73 -0.05836051647
4.74 -0.05800987567
4.75 -0.05764695399
4.76 -0.05727180496
4.77 -0.05688448508
4.78 -0.05648505381
4.79 -0.05607357357
4.8 -0.05565010976
4.81 -0.05521473073
4.82 -0.05476750784
4.83 -0.05430851535
4.84 -0.05383783055
4.85 -0.05335553364
4.86 -0.0528617078
4.87 -0.05235643916
4.88 -0.05183981677
4.89 -0.05131193263
4.9 -0.05077288166
4.91 -0.05022276169
4.92 -0.04966167347
4.93 -0.0490897206
4.94 -0.0485070096
4.95 -0.04791364981
4.96 -0.04730975344
4.97 -0.04669543553
4.98 -0.04607081389
4.99 -0.04543600917
5 -0.04479114476
5.01 -0.04413634678
5.02 -0.04347174411
5.03 -0.0427974683
5.04 -0.04211365358
5.05 -0.04142043684
5.06 -0.04071795756
5.07 -0.04000635784
5.08 -0.03928578233
5.09 -0.03855637819
5.1 -0.03781829511
5.11 -0.03707168521
5.12 -0.03631670306
5.13 -0.03555350561
5.14 -0.03478225218
5.15 -0.0340031044
5.16 -0.03321622618
5.17 -0.03242178367
5.18 -0.03161994523
5.19 -0.03081088134
5.2 -0.02999476465
5.21 -0.02917176983
5.22 -0.02834207361
5.23 -0.02750585467
5.24 -0.02666329365
5.25 -0.02581457306
5.26 -0.02495987724
5.27 -0.02409939234
5.28 -0.02323330621
5.29 -0.02236180841
5.3 -0.02148509012
5.31 -0.02060334413
5.32 -0.0197167647
5.33 -0.01882554761
5.34 -0.01792989003
5.35 -0.0170299905
5.36 -0.01612604887
5.37 -0.01521826621
5.38 -0.01430684481
5.39 -0.01339198806
5.4 -0.01247390045
5.41 -0.01155278746
5.42 -0.01062885552
5.43 -0.009702311973
5.44 -0.008773364961
5.45 -0.007842223414
5.46 -0.006909096959
5.47 -0.005974195871
5.48 -0.005037731002
5.49 -0.004099913723
5.5 -0.003160955861
5.51 -0.002221069633
5.52 -0.001280467584
5.53 -0.0003393625206
5.54 0.0006020325479
5.55 0.001543504478
5.56 0.002484840055
5.57 0.003425826057
5.58 0.004366249318
5.59 0.005305896795
5.6 0.006244555628
5.61 0.00718201321
5.62 0.008118057244
5.63 0.009052475813
5.64 0.009985057439
5.65 0.01091559115
5.66 0.01184386654
5.67 0.01276967384
5.68 0.01369280396
5.69 0.01461304858
5.7 0.01553020019
5.71 0.01644405216
5.72 0.0173543988
5.73 0.01826103543
5.74 0.01916375841
5.75 0.02006236525
5.76 0.0209566546
5.77 0.02184642638
5.78 0.0227314818
5.79 0.02361162342
5.8 0.0244866552
5.81 0.02535638258
5.82 0.02622061252
5.83 0.02707915355
5.84 0.02793181582
5.85 0.02877841118
5.86 0.0296187532
5.87 0.03045265725
5.88 0.03127994053
5.89 0.03210042211
5.9 0.03291392301
5.91 0.03372026624
5.92 0.03451927681
5.93 0.03531078184
5.94 0.03609461053
5.95 0.03687059429
5.96 0.03763856668
5.97 0.03839836356
5.98 0.03914982305
5.99 0.0398927856
6 0.04062709404
6.01 0.04135259359
6.02 0.04206913192
6.03 0.04277655918
6.04 0.04347472803
6.05 0.04416349365
6.06 0.04484271384
6.07 0.04551224897
6.08 0.04617196206
6.09 0.0468217188
6.1 0.04746138758
6.11 0.04809083948
6.12 0.04870994836
6.13 0.04931859082
6.14 0.04991664627
6.15 0.05050399692
6.16 0.05108052783
6.17 0.0516461269
6.18 0.0522006849
6.19 0.0527440955
6.2 0.05327625526
6.21 0.05379706366
6.22 0.05430642312
6.23 0.054804239
6.24 0.05529041962
6.25 0.05576487625
6.26 0.05622752316
6.27 0.05667827758
6.28 0.05711705973
6.29 0.05754379284
6.3 0.05795840313
6.31 0.05836081982
6.32 0.05875097514
6.33 0.05912880431
6.34 0.05949424558
6.35 0.05984724019
6.36 0.06018773238
6.37 0.06051566941
6.38 0.06083100152
6.39 0.06113368193
6.4 0.06142366688
6.41 0.06170091555
6.42 0.06196539013
6.43 0.06221705574
6.44 0.06245588046
6.45 0.06268183533
6.46 0.06289489429
6.47 0.06309503424
6.48 0.06328223494
6.49 0.06345647908
6.5 0.0636177522
6.51 0.06376604272
6.52 0.06390134189
6.53 0.0640236438
6.54 0.06413294535
6.55 0.06422924622
6.56 0.06431254888
6.57 0.06438285854
6.58 0.06444018315
6.59 0.06448453338
6.6 0.06451592258
6.61 0.06453436676
6.62 0.0645398846
6.63 0.06453249737
6.64 0.06451222898
6.65 0.06447910588
6.66 0.06443315709
6.67 0.06437441414
6.68 0.06430291106
6.69 0.06421868438
6.7 0.06412177303
6.71 0.06401221841
6.72 0.06389006426
6.73 0.06375535674
6.74 0.06360814431
6.75 0.06344847775
6.76 0.06327641012
6.77 0.06309199673
6.78 0.06289529513
6.79 0.06268636503
6.8 0.06246526835
6.81 0.0622320691
6.82 0.06198683344
6.83 0.06172962957
6.84 0.06146052776
6.85 0.06117960029
6.86 0.06088692143
6.87 0.06058256739
6.88 0.06026661633
6.89 0.05993914829
6.9 0.05960024519
6.91 0.05924999078
6.92 0.0588884706
6.93 0.05851577201
6.94 0.05813198406
6.95 0.05773719755
6.96 0.05733150497
6.97 0.05691500045
6.98 0.05648777975
6.99 0.05604994023
7 0.05560158081
7.01 0.05514280195
7.02 0.05467370564
7.03 0.05419439532
7.04 0.05370497589
7.05 0.05320555368
7.06 0.0526962364
7.07 0.05217713315
7.08 0.05164835432
7.09 0.05111001167
7.1 0.05056221819
7.11 0.05000508814
7.12 0.04943873703
7.13 0.04886328154
7.14 0.04827883954
7.15 0.04768553003
7.16 0.04708347315
7.17 0.04647279012
7.18 0.04585360325
7.19 0.04522603587
7.2 0.04459021234
7.21 0.04394625801
7.22 0.04329429921
7.23 0.04263446321
7.24 0.0419668782
7.25 0.04129167328
7.26 0.0406089784
7.27 0.03991892439
7.28 0.03922164289
7.29 0.03851726637
7.3 0.03780592808
7.31 0.03708776201
7.32 0.03636290292
7.33 0.03563148628
7.34 0.03489364827
7.35 0.03414952576
7.36 0.03339925625
7.37 0.0326429779
7.38 0.03188082951
7.39 0.03111295046
7.4 0.03033948071
7.41 0.02956056081
7.42 0.02877633184
7.43 0.02798693541
7.44 0.02719251365
7.45 0.02639320918
7.46 0.0255891651
7.47 0.02478052497
7.48 0.0239674328
7.49 0.02315003302
7.5 0.02232847047
7.51 0.0215028904
7.52 0.02067343843
7.53 0.01984026055
7.54 0.01900350309
7.55 0.01816331273
7.56 0.01731983647
7.57 0.01647322161
7.58 0.01562361574
7.59 0.01477116675
7.6 0.01391602276
7.61 0.01305833217
7.62 0.01219824361
7.63 0.01133590592
7.64 0.01047146817
7.65 0.00960507963
7.66 0.008736889734
7.67 0.007867048105
7.68 0.00699570452
7.69 0.006123008907
7.7 0.005249111327
7.71 0.004374161961
7.72 0.003498311105
7.73 0.002621709149
7.74 0.00174450657
7.75 0.0008668539211
7.76 -1.109818608e-05
7.77 -0.0008891990887
7.78 -0.001767298086
7.79 -0.002645244453
7.8 -0.003522887449
7.81 -0.004400076332
7.82 -0.005276660372
7.83 -0.006152488859
7.84 -0.007027411119
7.85 -0.007901276525
7.86 -0.008773934506
7.87 -0.009645234565
7.88 -0.01051502629
7.89 -0.01138315935
7.9 -0.01224948355
7.91 -0.01311384879
7.92 -0.01397610512
7.93 -0.01483610272
7.94 -0.01569369195
7.95 -0.01654872332
7.96 -0.01740104755
7.97 -0.01825051555
7.98 -0.01909697843
7.99 -0.01994028753
8 -0.02078029446
8.01 -0.02161685105
8.02 -0.02244980941
8.03 -0.02327902194
8.04 -0.02410434133
8.05 -0.02492562059
8.06 -0.02574271307
8.07 -0.02655547243
8.08 -0.02736375273
8.09 -0.02816740839
8.1 -0.0289662942
8.11 -0.0297602654
8.12 -0.03054917764
8.13 -0.03133288699
8.14 -0.03211125001
8.15 -0.03288412373
8.16 -0.03365136568
8.17 -0.03441283389
8.18 -0.03516838693
8.19 -0.03591788393
8.2 -0.03666118458
8.21 -0.03739814918
8.22 -0.0381286386
8.23 -0.03885251439
8.24 -0.03956963873
8.25 -0.04027987445
8.26 -0.0409830851
8.27 -0.04167913495
8.28 -0.04236788898
8.29 -0.04304921295
8.3 -0.0437229734
8.31 -0.04438903766
8.32 -0.0450472739
8.33 -0.04569755113
8.34 -0.04633973925
8.35 -0.04697370904
8.36 -0.04759933222
8.37 -0.04821648145
8.38 -0.04882503037
8.39 -0.04942485359
8.4 -0.0500158268
8.41 -0.05059782668
8.42 -0.05117073103
8.43 -0.05173441874
8.44 -0.05228876982
8.45 -0.05283366545
8.46 -0.05336898801
8.47 -0.05389462105
8.48 -0.05441044942
8.49 -0.05491635919
8.5 -0.05541223776
8.51 -0.05589797384
8.52 -0.05637345751
8.53 -0.05683858023
8.54 -0.05729323489
8.55 -0.0577373158
8.56 -0.05817071877
8.57 -0.05859334112
8.58 -0.05900508169
8.59 -0.05940584089
8.6 -0.05979552075
8.61 -0.06017402491
8.62 -0.06054125867
8.63 -0.06089712905
8.64 -0.06124154476
8.65 -0.06157441629
8.66 -0.06189565591
8.67 -0.06220517771
8.68 -0.06250289762
8.69 -0.06278873347
8.7 -0.063062605
8.71 -0.0633244339
8.72 -0.06357414382
8.73 -0.06381166044
8.74 -0.06403691147
8.75 -0.06424982671
8.76 -0.06445033804
8.77 -0.06463837951
8.78 -0.0648138873
8.79 -0.06497679982
8.8 -0.0651270577
8.81 -0.06526460382
8.82 -0.06538938338
8.83 -0.06550134389
8.84 -0.06560043519
8.85 -0.06568660954
8.86 -0.0657598216
8.87 -0.06582002847
8.88 -0.06586718971
8.89 -0.06590126741
8.9 -0.06592222617
8.91 -0.06593003314
8.92 -0.06592465808
8.93 -0.06590607335
8.94 -0.06587425394
8.95 -0.06582917753
8.96 -0.06577082446
8.97 -0.06569917782
8.98 -0.06561422342
8.99 -0.06551594984
9 -0.06540434847
9.01 -0.06527941348
9.02 -0.06514114191
9.03 -0.06498953363
9.04 -0.06482459141
9.05 -0.06464632091
9.06 -0.06445473071
9.07 -0.06424983233
9.08 -0.06403164025
9.09 -0.06380017193
9.1 -0.06355544779
9.11 -0.06329749131
9.12 -0.06302632894
9.13 -0.06274199021
9.14 -0.06244450767
9.15 -0.06213391694
9.16 -0.06181025674
9.17 -0.06147356883
9.18 -0.06112389811
9.19 -0.06076129254
9.2 -0.06038580324
9.21 -0.0599974844
9.22 -0.05959639337
9.23 -0.05918259061
9.24 -0.05875613973
9.25 -0.05831710744
9.26 -0.05786556362
9.27 -0.05740158128
9.28 -0.05692523656
9.29 -0.05643660872
9.3 -0.05593578019
9.31 -0.05542283649
9.32 -0.05489786628
9.33 -0.05436096132
9.34 -0.0538122165
9.35 -0.0532517298
9.36 -0.05267960227
9.37 -0.05209593806
9.38 -0.05150084438
9.39 -0.05089443148
9.4 -0.05027681266
9.41 -0.04964810424
9.42 -0.04900842552
9.43 -0.0483578988
9.44 -0.04769664936
9.45 -0.0470248054
9.46 -0.04634249803
9.47 -0.04564986129
9.48 -0.04494703207
9.49 -0.04423415011
9.5 -0.04351135796
9.51 -0.04277880097
9.52 -0.04203662724
9.53 -0.04128498762
9.54 -0.04052403562
9.55 -0.03975392743
9.56 -0.03897482188
9.57 -0.03818688038
9.58 -0.03739026689
9.59 -0.03658514788
9.6 -0.03577169232
9.61 -0.03495007159
9.62 -0.03412045948
9.63 -0.03328303212
9.64 -0.03243796795
9.65 -0.03158544768
9.66 -0.03072565423
9.67 -0.02985877266
9.68 -0.0289849902
9.69 -0.02810449611
9.7 -0.02721748168
9.71 -0.02632414018
9.72 -0.02542466676
9.73 -0.02451925848
9.74 -0.02360811417
9.75 -0.02269143443
9.76 -0.02176942155
9.77 -0.02084227945
9.78 -0.01991021364
9.79 -0.01897343117
9.8 -0.01803214051
9.81 -0.01708655158
9.82 -0.01613687561
9.83 -0.01518332512
9.84 -0.01422611385
9.85 -0.0132654567
9.86 -0.01230156964
9.87 -0.0113346697
9.88 -0.01036497485
9.89 -0.009392703967
9.9 -0.008418076756
9.91 -0.007441313695
9.92 -0.006462635958
9.93 -0.005482265355
9.94 -0.00450042426
9.95 -0.003517335548
9.96 -0.002533222525
9.97 -0.001548308861
9.98 -0.00056281852
9.99 0.000423024305
10 0.001408995264
