0 0
0 0.01
6.037336252e-08 0.02
2.718189136e-07 0.03
7.252022883e-07 0.04
1.511532964e-06 0.05
2.721941087e-06 0.06
4.447654105e-06 0.07
6.779973197e-06 0.08
9.810249516e-06 0.09
1.362986025e-05 0.1
1.833018451e-05 0.11
2.400257901e-05 0.12
3.073835364e-05 0.13
3.862874681e-05 0.14
4.776490071e-05 0.15
5.823783635e-05 0.16
7.013842852e-05 0.17
8.355738053e-05 0.18
9.858519897e-05 0.19
0.0001153121682 0.2
0.0001338283247 0.21
0.0001542234315 0.22
0.0001765869526 0.23
0.0002010080266 0.24
0.0002275754412 0.25
0.0002563776069 0.26
0.0002875025313 0.27
0.0003210377923 0.28
0.0003570705125 0.29
0.0003956873327 0.3
0.0004369743858 0.31
0.00048101727 0.32
0.0005279010231 0.33
0.000577710096 0.34
0.0006305283261 0.35
0.0006864389113 0.36
0.0007455243837 0.37
0.0008078665832 0.38
0.0008735466313 0.39
0.0009426449052 0.4
0.001015241011 0.41
0.00109141376 0.42
0.001171241138 0.43
0.001254800284 0.44
0.001342167464 0.45
0.001433418043 0.46
0.00152862646 0.47
0.001627866204 0.48
0.00173120979 0.49
0.001838728728 0.5
0.001950493506 0.51
0.002066573559 0.52
0.002187037248 0.53
0.002311951833 0.54
0.002441383453 0.55
0.002575397096 0.56
0.00271405658 0.57
0.00285742453 0.58
0.003005562351 0.59
0.003158530206 0.6
0.003316386997 0.61
0.003479190337 0.62
0.003646996533 0.63
0.003819860561 0.64
0.003997836045 0.65
0.004180975237 0.66
0.004369328994 0.67
0.004562946759 0.68
0.004761876543 0.69
0.004966164899 0.7
0.005175856909 0.71
0.005390996162 0.72
0.005611624734 0.73
0.005837783172 0.74
0.006069510477 0.75
0.006306844081 0.76
0.006549819839 0.77
0.006798472003 0.78
0.007052833211 0.79
0.007312934473 0.8
0.007578805149 0.81
0.007850472942 0.82
0.008127963877 0.83
0.008411302293 0.84
0.008700510823 0.85
0.008995610388 0.86
0.009296620182 0.87
0.009603557656 0.88
0.009916438513 0.89
0.0102352767 0.9
0.01056008437 0.91
0.01089087193 0.92
0.01122764796 0.93
0.01157041927 0.94
0.01191919085 0.95
0.01227396587 0.96
0.01263474568 0.97
0.0130015298 0.98
0.01337431593 0.99
0.01375309992 1
0.01413787577 1.01
0.01452863563 1.02
0.01492536981 1.03
0.01532806676 1.04
0.01573671306 1.05
0.01615129345 1.06
0.0165717908 1.07
0.01699818611 1.08
0.01743045853 1.09
0.01786858535 1.1
0.01831254198 1.11
0.018762302 1.12
0.01921783711 1.13
0.01967911717 1.14
0.02014611018 1.15
0.02061878231 1.16
0.02109709788 1.17
0.02158101935 1.18
0.0220705074 1.19
0.02256552084 1.2
0.02306601669 1.21
0.02357195015 1.22
0.02408327461 1.23
0.02459994169 1.24
0.02512190121 1.25
0.02564910121 1.26
0.02618148799 1.27
0.02671900607 1.28
0.02726159826 1.29
0.0278092056 1.3
0.02836176746 1.31
0.02891922146 1.32
0.02948150357 1.33
0.03004854806 1.34
0.03062028755 1.35
0.031196653 1.36
0.03177757375 1.37
0.03236297754 1.38
0.03295279047 1.39
0.03354693711 1.4
0.03414534043 1.41
0.03474792186 1.42
0.03535460132 1.43
0.03596529722 1.44
0.03657992645 1.45
0.03719840447 1.46
0.03782064528 1.47
0.03844656144 1.48
0.03907606412 1.49
0.03970906308 1.5
0.04034546675 1.51
0.04098518219 1.52
0.04162811515 1.53
0.04227417009 1.54
0.0429232502 1.55
0.0435752574 1.56
0.04423009241 1.57
0.04488765473 1.58
0.04554784269 1.59
0.04621055348 1.6
0.04687568314 1.61
0.04754312662 1.62
0.04821277781 1.63
0.04888452952 1.64
0.04955827356 1.65
0.05023390074 1.66
0.05091130088 1.67
0.05159036289 1.68
0.05227097473 1.69
0.05295302349 1.7
0.05363639539 1.71
0.05432097583 1.72
0.05500664937 1.73
0.05569329983 1.74
0.05638081025 1.75
0.05706906296 1.76
0.0577579396 1.77
0.05844732113 1.78
0.05913708788 1.79
0.05982711957 1.8
0.06051729533 1.81
0.06120749377 1.82
0.06189759292 1.83
0.06258747037 1.84
0.06327700322 1.85
0.06396606812 1.86
0.06465454134 1.87
0.06534229874 1.88
0.06602921586 1.89
0.06671516789 1.9
0.06740002974 1.91
0.06808367605 1.92
0.06876598123 1.93
0.06944681948 1.94
0.07012606482 1.95
0.07080359111 1.96
0.0714792721 1.97
0.07215298145 1.98
0.07282459274 1.99
0.07349397951 2
0.0741610153 2.01
0.07482557367 2.02
0.07548752822 2.03
0.07614675262 2.04
0.07680312064 2.05
0.07745650619 2.06
0.07810678332 2.07
0.07875382627 2.08
0.07939750947 2.09
0.08003770762 2.1
0.08067429565 2.11
0.08130714879 2.12
0.08193614258 2.13
0.0825611529 2.14
0.083182056 2.15
0.0837987285 2.16
0.08441104747 2.17
0.08501889038 2.18
0.08562213518 2.19
0.08622066033 2.2
0.08681434478 2.21
0.08740306802 2.22
0.08798671009 2.23
0.08856515164 2.24
0.08913827391 2.25
0.08970595877 2.26
0.09026808874 2.27
0.09082454704 2.28
0.09137521754 2.29
0.09191998488 2.3
0.09245873441 2.31
0.09299135224 2.32
0.09351772527 2.33
0.09403774121 2.34
0.09455128859 2.35
0.09505825678 2.36
0.095558536 2.37
0.09605201738 2.38
0.09653859294 2.39
0.09701815562 2.4
0.0974905993 2.41
0.09795581881 2.42
0.09841370998 2.43
0.09886416961 2.44
0.09930709553 2.45
0.09974238658 2.46
0.1001699427 2.47
0.1005896647 2.48
0.1010014548 2.49
0.101405216 2.5
0.1018008527 2.51
0.1021882701 2.52
0.1025673747 2.53
0.1029380743 2.54
0.1033002776 2.55
0.1036538948 2.56
0.1039988369 2.57
0.1043350164 2.58
0.104662347 2.59
0.1049807435 2.6
0.1052901222 2.61
0.1055904004 2.62
0.1058814967 2.63
0.1061633312 2.64
0.1064358251 2.65
0.1066989011 2.66
0.1069524829 2.67
0.1071964959 2.68
0.1074308665 2.69
0.1076555229 2.7
0.1078703941 2.71
0.108075411 2.72
0.1082705055 2.73
0.1084556112 2.74
0.1086306628 2.75
0.1087955966 2.76
0.1089503503 2.77
0.1090948629 2.78
0.1092290752 2.79
0.1093529289 2.8
0.1094663676 2.81
0.1095693361 2.82
0.1096617808 2.83
0.1097436495 2.84
0.1098148916 2.85
0.1098754577 2.86
0.1099253003 2.87
0.1099643731 2.88
0.1099926314 2.89
0.1100100319 2.9
0.110016533 2.91
0.1100120946 2.92
0.1099966779 2.93
0.1099702458 2.94
0.1099327628 2.95
0.1098841948 2.96
0.1098245093 2.97
0.1097536754 2.98
0.1096716637 2.99
0.1095784462 3
0.1094739968 3.01
0.1093582906 3.02
0.1092313045 3.03
0.109093017 3.04
0.1089434078 3.05
0.1087824587 3.06
0.1086101527 3.07
0.1084264745 3.08
0.1082314104 3.09
0.1080249482 3.1
0.1078070773 3.11
0.1075777888 3.12
0.1073370753 3.13
0.1070849309 3.14
0.1068213514 3.15
0.1065463342 3.16
0.1062598782 3.17
0.105961984 3.18
0.1056526537 3.19
0.1053318911 3.2
0.1049997014 3.21
0.1046560916 3.22
0.1043010702 3.23
0.1039346472 3.24
0.1035568344 3.25
0.1031676449 3.26
0.1027670938 3.27
0.1023551974 3.28
0.1019319738 3.29
0.1014974426 3.3
0.101051625 3.31
0.1005945439 3.32
0.1001262236 3.33
0.09964669007 3.34
0.09915597091 3.35
0.09865409523 3.36
0.09814109374 3.37
0.09761699873 3.38
0.09708184405 3.39
0.09653566513 3.4
0.09597849898 3.41
0.09541038414 3.42
0.09483136075 3.43
0.09424147051 3.44
0.09364075664 3.45
0.09302926396 3.46
0.0924070388 3.47
0.09177412908 3.48
0.09113058424 3.49
0.09047645525 3.5
0.08981179464 3.51
0.08913665646 3.52
0.0884510963 3.53
0.08775517126 3.54
0.08704893997 3.55
0.08633246257 3.56
0.08560580072 3.57
0.08486901758 3.58
0.08412217782 3.59
0.08336534759 3.6
0.08259859454 3.61
0.0818219878 3.62
0.081035598 3.63
0.08023949723 3.64
0.07943375903 3.65
0.07861845844 3.66
0.07779367193 3.67
0.07695947742 3.68
0.07611595429 3.69
0.07526318334 3.7
0.0744012468 3.71
0.07353022833 3.72
0.07265021301 3.73
0.07176128731 3.74
0.07086353911 3.75
0.06995705768 3.76
0.06904193368 3.77
0.06811825913 3.78
0.06718612743 3.79
0.06624563334 3.8
0.06529687296 3.81
0.06433994374 3.82
0.06337494445 3.83
0.06240197518 3.84
0.06142113736 3.85
0.06043253368 3.86
0.05943626816 3.87
0.05843244607 3.88
0.05742117397 3.89
0.05640255968 3.9
0.05537671226 3.91
0.05434374202 3.92
0.05330376048 3.93
0.05225688039 3.94
0.05120321568 3.95
0.05014288151 3.96
0.04907599417 3.97
0.04800267115 3.98
0.04692303108 3.99
0.04583719374 4
0.04474528 4.01
0.04364741189 4.02
0.04254371251 4.03
0.04143430604 4.04
0.04031931774 4.05
0.03919887392 4.06
0.03807310194 4.07
0.03694213016 4.08
0.03580608797 4.09
0.03466510575 4.1
0.03351931484 4.11
0.03236884756 4.12
0.03121383716 4.13
0.03005441782 4.14
0.02889072464 4.15
0.02772289359 4.16
0.02655106152 4.17
0.02537536616 4.18
0.02419594605 4.19
0.02301294055 4.2
0.02182648984 4.21
0.02063673486 4.22
0.01944381733 4.23
0.01824787969 4.24
0.01704906512 4.25
0.01584751749 4.26
0.01464338136 4.27
0.01343680194 4.28
0.0122279251 4.29
0.01101689729 4.3
0.009803865592 4.31
0.008588977645 4.32
0.007372381642 4.33
0.006154226305 4.34
0.004934660865 4.35
0.003713835032 4.36
0.00249189898 4.37
0.001269003318 4.38
4.529906757e-05 4.39
-0.00117906236 4.4
-0.002403929189 4.41
-0.003629149305 4.42
-0.004854570278 4.43
-0.006080039388 4.44
-0.00730540365 4.45
-0.008530509839 4.46
-0.009755204519 4.47
-0.01097933407 4.48
-0.01220274469 4.49
-0.01342528248 4.5
-0.01464679339 4.51
-0.01586712333 4.52
-0.01708611812 4.53
-0.01830362358 4.54
-0.01951948551 4.55
-0.02073354975 4.56
-0.0219456622 4.57
-0.02315566884 4.58
-0.02436341574 4.59
-0.02556874915 4.6
-0.02677151546 4.61
-0.02797156128 4.62
-0.02916873341 4.63
-0.03036287895 4.64
-0.03155384525 4.65
-0.03274148 4.66
-0.03392563121 4.67
-0.03510614727 4.68
-0.03628287698 4.69
-0.03745566956 4.7
-0.03862437469 4.71
-0.03978884256 4.72
-0.04094892387 4.73
-0.04210446985 4.74
-0.04325533233 4.75
-0.04440136375 4.76
-0.04554241719 4.77
-0.0466783464 4.78
-0.04780900582 4.79
-0.04893425063 4.8
-0.05005393676 4.81
-0.05116792094 4.82
-0.05227606071 4.83
-0.05337821448 4.84
-0.0544742415 4.85
-0.05556400198 4.86
-0.05664735702 4.87
-0.05772416872 4.88
-0.05879430017 4.89
-0.05985761547 4.9
-0.0609139798 4.91
-0.06196325942 4.92
-0.06300532169 4.93
-0.06404003512 4.94
-0.06506726941 4.95
-0.06608689543 4.96
-0.06709878531 4.97
-0.0681028124 4.98
-0.06909885137 4.99
-0.07008677819 5
-0.07106647015 5.01
-0.07203780594 5.02
-0.07300066562 5.03
-0.07395493069 5.04
-0.07490048407 5.05
-0.07583721019 5.06
-0.07676499494 5.07
-0.07768372576 5.08
-0.07859329164 5.09
-0.07949358314 5.1
-0.08038449241 5.11
-0.08126591324 5.12
-0.08213774106 5.13
-0.08299987297 5.14
-0.08385220777 5.15
-0.08469464598 5.16
-0.08552708984 5.17
-0.08634944337 5.18
-0.08716161238 5.19
-0.08796350447 5.2
-0.08875502905 5.21
-0.08953609742 5.22
-0.09030662271 5.23
-0.09106651993 5.24
-0.09181570603 5.25
-0.09255409984 5.26
-0.09328162216 5.27
-0.09399819572 5.28
-0.09470374526 5.29
-0.09539819747 5.3
-0.09608148107 5.31
-0.0967535268 5.32
-0.09741426744 5.33
-0.0980636378 5.34
-0.09870157477 5.35
-0.09932801732 5.36
-0.0999429065 5.37
-0.1005461855 5.38
-0.1011377995 5.39
-0.101717696 5.4
-0.1022858244 5.41
-0.1028421365 5.42
-0.1033865861 5.43
-0.1039191291 5.44
-0.1044397238 5.45
-0.1049483304 5.46
-0.1054449115 5.47
-0.1059294318 5.48
-0.1064018582 5.49
-0.1068621598 5.5
-0.1073103078 5.51
-0.1077462759 5.52
-0.1081700397 5.53
-0.1085815772 5.54
-0.1089808685 5.55
-0.1093678961 5.56
-0.1097426444 5.57
-0.1101051003 5.58
-0.1104552529 5.59
-0.1107930933 5.6
-0.1111186151 5.61
-0.1114318138 5.62
-0.1117326873 5.63
-0.1120212358 5.64
-0.1122974614 5.65
-0.1125613687 5.66
-0.1128129643 5.67
-0.113052257 5.68
-0.1132792578 5.69
-0.1134939799 5.7
-0.1136964386 5.71
-0.1138866515 5.72
-0.1140646381 5.73
-0.1142304202 5.74
-0.1143840217 5.75
-0.1145254685 5.76
-0.1146547888 5.77
-0.1147720127 5.78
-0.1148771725 5.79
-0.1149703024 5.8
-0.1150514389 5.81
-0.1151206203 5.82
-0.115177887 5.83
-0.1152232815 5.84
-0.115256848 5.85
-0.1152786331 5.86
-0.1152886849 5.87
-0.1152870538 5.88
-0.115273792 5.89
-0.1152489534 5.9
-0.1152125941 5.91
-0.1151647718 5.92
-0.1151055463 5.93
-0.1150349789 5.94
-0.1149531331 5.95
-0.1148600738 5.96
-0.1147558678 5.97
-0.1146405838 5.98
-0.1145142919 5.99
-0.1143770642 6
-0.1142289743 6.01
-0.1140700975 6.02
-0.1139005107 6.03
-0.1137202924 6.04
-0.1135295227 6.05
-0.1133282832 6.06
-0.1131166571 6.07
-0.112894729 6.08
-0.1126625851 6.09
-0.112420313 6.1
-0.1121680016 6.11
-0.1119057415 6.12
-0.1116336243 6.13
-0.1113517432 6.14
-0.1110601926 6.15
-0.1107590683 6.16
-0.1104484672 6.17
-0.1101284877 6.18
-0.1097992291 6.19
-0.1094607921 6.2
-0.1091132784 6.21
-0.108756791 6.22
-0.1083914338 6.23
-0.1080173119 6.24
-0.1076345315 6.25
-0.1072431995 6.26
-0.1068434243 6.27
-0.1064353147 6.28
-0.1060189808 6.29
-0.1055945334 6.3
-0.1051620844 6.31
-0.1047217462 6.32
-0.1042736323 6.33
-0.103817857 6.34
-0.103354535 6.35
-0.1028837821 6.36
-0.1024057146 6.37
-0.1019204495 6.38
-0.1014281046 6.39
-0.100928798 6.4
-0.1004226486 6.41
-0.0999097759 6.42
-0.09939029971 6.43
-0.09886434049 6.44
-0.09833201912 6.45
-0.09779345694 6.46
-0.09724877567 6.47
-0.09669809746 6.48
-0.09614154476 6.49
-0.09557924038 6.5
-0.09501130744 6.51
-0.0944378693 6.52
-0.09385904959 6.53
-0.09327497214 6.54
-0.09268576099 6.55
-0.09209154033 6.56
-0.0914924345 6.57
-0.09088856795 6.58
-0.09028006519 6.59
-0.08966705083 6.6
-0.08904964947 6.61
-0.08842798577 6.62
-0.08780218432 6.63
-0.08717236971 6.64
-0.08653866642 6.65
-0.08590119889 6.66
-0.08526009139 6.67
-0.08461546809 6.68
-0.08396745297 6.69
-0.08331616983 6.7
-0.08266174227 6.71
-0.08200429363 6.72
-0.08134394702 6.73
-0.08068082524 6.74
-0.08001505081 6.75
-0.07934674592 6.76
-0.0786760324 6.77
-0.07800303171 6.78
-0.07732786495 6.79
-0.07665065277 6.8
-0.07597151542 6.81
-0.07529057266 6.82
-0.07460794382 6.83
-0.07392374771 6.84
-0.07323810263 6.85
-0.07255112635 6.86
-0.07186293608 6.87
-0.07117364849 6.88
-0.07048337962 6.89
-0.06979224493 6.9
-0.06910035925 6.91
-0.06840783675 6.92
-0.06771479098 6.93
-0.06702133476 6.94
-0.06632758026 6.95
-0.06563363891 6.96
-0.06493962143 6.97
-0.06424563779 6.98
-0.06355179719 6.99
-0.06285820808 7
-0.0621649781 7.01
-0.0614722141 7.02
-0.06078002209 7.03
-0.06008850726 7.04
-0.05939777397 7.05
-0.05870792567 7.06
-0.05801906499 7.07
-0.05733129362 7.08
-0.0566447124 7.09
-0.05595942122 7.1
-0.05527551904 7.11
-0.05459310391 7.12
-0.0539122729 7.13
-0.05323312214 7.14
-0.05255574676 7.15
-0.05188024094 7.16
-0.05120669783 7.17
-0.05053520958 7.18
-0.04986586734 7.19
-0.04919876121 7.2
-0.04853398026 7.21
-0.04787161252 7.22
-0.04721174496 7.23
-0.04655446346 7.24
-0.04589985285 7.25
-0.04524799687 7.26
-0.04459897816 7.27
-0.04395287827 7.28
-0.04330977761 7.29
-0.04266975551 7.3
-0.04203289014 7.31
-0.04139925856 7.32
-0.04076893668 7.33
-0.04014199926 7.34
-0.0395185199 7.35
-0.03889857104 7.36
-0.03828222396 7.37
-0.03766954875 7.38
-0.03706061432 7.39
-0.03645548841 7.4
-0.03585423754 7.41
-0.03525692705 7.42
-0.03466362105 7.43
-0.03407438247 7.44
-0.033489273 7.45
-0.03290835311 7.46
-0.03233168207 7.47
-0.03175931788 7.48
-0.03119131732 7.49
-0.03062773595 7.5
-0.03006862805 7.51
-0.02951404668 7.52
-0.02896404364 7.53
-0.02841866945 7.54
-0.02787797341 7.55
-0.02734200351 7.56
-0.02681080652 7.57
-0.02628442791 7.58
-0.02576291188 7.59
-0.02524630135 7.6
-0.02473463797 7.61
-0.0242279621 7.62
-0.02372631281 7.63
-0.02322972791 7.64
-0.02273824388 7.65
-0.02225189594 7.66
-0.02177071798 7.67
-0.02129474264 7.68
-0.02082400122 7.69
-0.02035852373 7.7
-0.0198983389 7.71
-0.01944347413 7.72
-0.01899395553 7.73
-0.01854980789 7.74
-0.0181110547 7.75
-0.01767771816 7.76
-0.01724981912 7.77
-0.01682737715 7.78
-0.01641041051 7.79
-0.01599893612 7.8
-0.01559296963 7.81
-0.01519252533 7.82
-0.01479761624 7.83
-0.01440825404 7.84
-0.0140244491 7.85
-0.0136462105 7.86
-0.01327354597 7.87
-0.01290646196 7.88
-0.01254496359 7.89
-0.01218905468 7.9
-0.01183873772 7.91
-0.01149401392 7.92
-0.01115488315 7.93
-0.010821344 7.94
-0.01049339373 7.95
-0.01017102831 7.96
-0.009854242406 7.97
-0.009543029366 7.98
-0.009237381253 7.99
-0.008937288828 8
-0.008642741553 8.01
-0.008353727597 8.02
-0.008070233835 8.03
-0.007792245854 8.04
-0.007519747953 8.05
-0.007252723145 8.06
-0.006991153164 8.07
-0.006735018462 8.08
-0.006484298217 8.09
-0.006238970334 8.1
-0.00599901145 8.11
-0.005764396936 8.12
-0.0055351009 8.13
-0.005311096195 8.14
-0.005092354418 8.15
-0.004878845918 8.16
-0.004670539799 8.17
-0.004467403925 8.18
-0.004269404923 8.19
-0.004076508192 8.2
-0.003888677904 8.21
-0.003705877011 8.22
-0.003528067251 8.23
-0.003355209154 8.24
-0.003187262045 8.25
-0.003024184054 8.26
-0.002865932121 8.27
-0.002712462 8.28
-0.002563728271 8.29
-0.002419684341 8.3
-0.002280282454 8.31
-0.002145473702 8.32
-0.002015208023 8.33
-0.001889434219 8.34
-0.001768099959 8.35
-0.001651151787 8.36
-0.001538535132 8.37
-0.001430194315 8.38
-0.00132607256 8.39
-0.001226112003 8.4
-0.0011302537 8.41
-0.001038437637 8.42
-0.0009506027397 8.43
-0.0008666868861 8.44
-0.0007866269138 8.45
-0.0007103586318 8.46
-0.0006378168322 8.47
-0.0005689353002 8.48
-0.0005036468264 8.49
-0.000441883218 8.5
-0.000383575311 8.51
-0.0003286529825 8.52
-0.000277045163 8.53
-0.0002286798493 8.54
-0.0001834841178 8.55
-0.0001413841372 8.56
-0.0001023051828 8.57
-6.617165e-05 8.58
-3.290706851e-05 8.59
-2.434116893e-06 8.6
2.532536278e-05 8.61
5.045034988e-05 8.62
7.302062993e-05 8.63
9.311677904e-05 8.64
0.000110820148 8.65
0.0001262128462 8.66
0.0001393777252 8.67
0.0001503983617 8.68
0.0001593590409 8.69
0.0001663447393 8.7
0.0001714411066 8.71
0.000174734448 8.72
0.0001763117065 8.73
0.0001762604439 8.74
0.0001746688222 8.75
0.0001716255848 8.76
0.0001672200368 8.77
0.0001615420261 8.78
0.0001546819226 8.79
0.000146730599 8.8
0.0001377794097 8.81
0.0001279201705 8.82
0.0001172451374 8.83
0.0001058469856 8.84
9.381878786e-05 8.85
8.125399272e-05 8.86
6.824640256e-05 8.87
5.489015125e-05 8.88
4.127968168e-05 8.89
2.750972291e-05 8.9
1.367526718e-05 8.91
-1.284534036e-07 8.92
-1.380599035e-05 8.93
-2.726170258e-05 8.94
-4.039978036e-05 8.95
-5.312426958e-05 8.96
-6.533909611e-05 8.97
-7.694809052e-05 8.98
-8.785501287e-05 8.99
-9.796357785e-05 9
-0.00010717748 9.01
-0.0001154004191 9.02
-0.0001225361259 9.03
-0.0001284883881 9.04
-0.000133161076 9.05
-0.0001364581689 9.06
-0.0001382837814 9.07
-0.0001385421899 9.08
-0.000137137859 9.09
-0.0001339754687 9.1
-0.0001289599411 9.11
-0.000121996467 9.12
-0.000112990534 9.13
-0.0001018479527 9.14
-8.847488468e-05 9.15
-7.277786992e-05 9.16
-5.466385404e-05 9.17
-3.404021606e-05 9.18
-1.081479606e-05 9.19
1.510407715e-05 9.2
4.380755827e-05 9.21
7.538625767e-05 9.22
0.0001099302137 9.23
0.0001475288645 9.24
0.0001882710209 9.25
0.0002322448375 9.26
0.000279537786 9.27
0.0003302366264 9.28
0.00038442738 9.29
0.0004421953011 9.3
0.0005036248498 9.31
0.000568799664 9.32
0.0006378025322 9.33
0.0007107153658 9.34
0.000787619172 9.35
0.0008685940264 9.36
0.0009537190459 9.37
0.001043072362 9.38
0.001136731093 9.39
0.001234771319 9.4
0.001337268055 9.41
0.001444295221 9.42
0.001555925622 9.43
0.001672230919 9.44
0.0017932816 9.45
0.001919146961 9.46
0.002049895076 9.47
0.002185592773 9.48
0.00232630561 9.49
0.00247209785 9.5
0.002623032437 9.51
0.002779170972 9.52
0.002940573689 9.53
0.003107299432 9.54
0.003279405632 9.55
0.003456948283 9.56
0.003639981922 9.57
0.003828559607 9.58
0.004022732893 9.59
0.004222551812 9.6
0.004428064852 9.61
0.004639318939 9.62
0.004856359411 9.63
0.005079230006 9.64
0.005307972837 9.65
0.005542628376 9.66
0.005783235434 9.67
0.006029831144 9.68
0.006282450944 9.69
0.006541128562 9.7
0.006805895994 9.71
0.007076783492 9.72
0.007353819551 9.73
0.007637030887 9.74
0.007926442429 9.75
0.008222077303 9.76
0.008523956816 9.77
0.00883210045 9.78
0.00914652584 9.79
0.009467248772 9.8
0.009794283166 9.81
0.01012764107 9.82
0.01046733263 9.83
0.01081336613 9.84
0.01116574791 9.85
0.01152448244 9.86
0.01188957224 9.87
0.01226101792 9.88
0.01263881815 9.89
0.01302296966 9.9
0.01341346723 9.91
0.01381030371 9.92
0.01421346999 9.93
0.01462295499 9.94
0.0150387457 9.95
0.0154608271 9.96
0.01588918227 9.97
0.01632379228 9.98
0.01676463624 9.99
0.01721169133 10
