0 0 -0.06033241252
0.0006033241252 0.01 -0.06032637654
0.001206527504 0.02 -0.06030825255
0.001809489152 0.03 -0.06027802234
0.002412087917 0.04 -0.06023567017
0.003014202501 0.05 -0.06018118276
0.003615711484 0.06 -0.06011454936
0.004216493354 0.07 -0.0600357617
0.004816426526 0.08 -0.05994481408
0.005415389373 0.09 -0.05984170333
0.006013260247 0.1 -0.05972642887
0.006609917508 0.11 -0.0595989927
0.00720523955 0.12 -0.05945939942
0.007799104825 0.13 -0.05930765628
0.00839139187 0.14 -0.05914377315
0.008981979335 0.15 -0.05896776254
0.009570746009 0.16 -0.05877963967
0.01015757084 0.17 -0.05857942239
0.01074233299 0.18 -0.05836713129
0.0113249118 0.19 -0.05814278963
0.0119051869 0.2 -0.05790642342
0.01248303817 0.21 -0.05765806137
0.01305834579 0.22 -0.05739773495
0.01363099028 0.23 -0.05712547836
0.01420085251 0.24 -0.05684132857
0.01476781373 0.25 -0.0565453253
0.0153317556 0.26 -0.05623751104
0.01589256024 0.27 -0.05591793107
0.0164501102 0.28 -0.05558663343
0.01700428855 0.29 -0.05524366896
0.01755497889 0.3 -0.05488909127
0.01810206534 0.31 -0.05452295677
0.01864543262 0.32 -0.05414532466
0.01918496606 0.33 -0.05375625692
0.0197205516 0.34 -0.05335581833
0.02025207586 0.35 -0.05294407646
0.02077942615 0.36 -0.05252110165
0.0213024905 0.37 -0.05208696704
0.02182115766 0.38 -0.05164174852
0.02233531719 0.39 -0.05118552478
0.02284485942 0.4 -0.05071837727
0.02334967553 0.41 -0.05024039018
0.02384965754 0.42 -0.04975165046
0.02434469836 0.43 -0.04925224779
0.02483469182 0.44 -0.0487422746
0.02531953267 0.45 -0.04822182602
0.02579911663 0.46 -0.04769099988
0.02627334042 0.47 -0.04714989671
0.02674210177 0.48 -0.04659861971
0.02720529947 0.49 -0.04603727475
0.02766283337 0.5 -0.04546597031
0.02811460441 0.51 -0.04488481754
0.02856051466 0.52 -0.04429393016
0.02900046736 0.53 -0.0436934245
0.02943436691 0.54 -0.04308341943
0.0298621189 0.55 -0.04246403638
0.03028363017 0.56 -0.04183539928
0.0306988088 0.57 -0.04119763459
0.03110756415 0.58 -0.04055087119
0.03150980687 0.59 -0.03989524044
0.03190544896 0.6 -0.0392308761
0.03229440374 0.61 -0.03855791431
0.03267658594 0.62 -0.03787649359
0.03305191164 0.63 -0.03718675476
0.03342029839 0.64 -0.03648884095
0.03378166515 0.65 -0.03578289754
0.03413593235 0.66 -0.03506907216
0.03448302191 0.67 -0.03434751461
0.03482285727 0.68 -0.03361837685
0.03515536339 0.69 -0.03288181299
0.03548046678 0.7 -0.03213797918
0.03579809552 0.71 -0.03138703366
0.03610817929 0.72 -0.03062913664
0.03641064939 0.73 -0.02986445033
0.03670543872 0.74 -0.02909313882
0.03699248188 0.75 -0.02831536814
0.03727171509 0.76 -0.02753130611
0.03754307629 0.77 -0.02674112237
0.03780650512 0.78 -0.02594498831
0.03806194293 0.79 -0.02514307701
0.03830933281 0.8 -0.02433556325
0.03854861963 0.81 -0.02352262337
0.03877975001 0.82 -0.02270443532
0.03900267236 0.83 -0.02188117853
0.03921733689 0.84 -0.02105303393
0.03942369564 0.85 -0.02022018384
0.03962170247 0.86 -0.01938281197
0.03981131308 0.87 -0.01854110332
0.03999248504 0.88 -0.01769524417
0.04016517777 0.89 -0.01684542202
0.04032935259 0.9 -0.0159918255
0.04048497271 0.91 -0.01513464437
0.04063200323 0.92 -0.01427406942
0.04077041117 0.93 -0.01341029245
0.04090016549 0.94 -0.01254350619
0.04102123704 0.95 -0.01167390427
0.04113359866 0.96 -0.01080168112
0.04123722511 0.97 -0.009927031965
0.0413320931 0.98 -0.009050152738
0.04141818133 0.99 -0.008171240028
0.04149547044 1 -0.007290491024
0.04156394307 1.01 -0.006408103459
0.04162358383 1.02 -0.005524275547
0.04167437931 1.03 -0.00463920593
0.04171631809 1.04 -0.003753093616
0.04174939074 1.05 -0.002866137921
0.04177358984 1.06 -0.001978538409
0.04178890995 1.07 -0.001090494837
0.04179534763 1.08 -0.0002022070916
0.04179290146 1.09 0.0006861248691
0.04178157199 1.1 0.001574301074
0.04176136178 1.11 0.002462121597
0.04173227541 1.12 0.003349386621
0.04169431943 1.13 0.00423589649
0.04164750239 1.14 0.005121451776
0.04159183485 1.15 0.00600585333
0.04152732935 1.16 0.006888902348
0.04145400041 1.17 0.007770400424
0.04137186454 1.18 0.008650149612
0.04128094023 1.19 0.009527952483
0.04118124793 1.2 0.01040361218
0.04107281007 1.21 0.01127693249
0.04095565103 1.22 0.01214771788
0.04082979713 1.23 0.01301577356
0.04069527667 1.24 0.01388090555
0.04055211985 1.25 0.01474292074
0.04040035881 1.26 0.01560162691
0.04024002762 1.27 0.01645683285
0.04007116223 1.28 0.01730834833
0.03989380051 1.29 0.01815598424
0.03970798221 1.3 0.01899955259
0.03951374894 1.31 0.01983886656
0.0393111442 1.32 0.02067374061
0.03910021332 1.33 0.02150399046
0.03888100347 1.34 0.02232943318
0.03865356364 1.35 0.02314988726
0.03841794463 1.36 0.02396517259
0.03817419904 1.37 0.02477511061
0.03792238123 1.38 0.02557952426
0.03766254735 1.39 0.02637823808
0.03739475527 1.4 0.02717107828
0.03711906462 1.41 0.02795787272
0.0368355367 1.42 0.02873845102
0.03654423455 1.43 0.02951264454
0.03624522286 1.44 0.0302802865
0.03593856798 1.45 0.03104121196
0.03562433792 1.46 0.03179525791
0.03530260228 1.47 0.03254226325
0.03497343229 1.48 0.03328206892
0.03463690074 1.49 0.03401451784
0.034293082 1.5 0.03473945502
0.03394205195 1.51 0.03545672758
0.03358388803 1.52 0.03616618478
0.03321866913 1.53 0.03686767805
0.03284647565 1.54 0.03756106104
0.03246738943 1.55 0.03824618965
0.03208149374 1.56 0.03892292204
0.03168887326 1.57 0.03959111871
0.03128961403 1.58 0.04025064249
0.0308838035 1.59 0.04090135859
0.0304715304 1.6 0.04154313461
0.03005288482 1.61 0.04217584059
0.02962795809 1.62 0.04279934902
0.02919684285 1.63 0.04341353488
0.02875963295 1.64 0.04401827566
0.02831642345 1.65 0.04461345137
0.02786731061 1.66 0.04519894459
0.02741239185 1.67 0.04577464046
0.02695176572 1.68 0.04634042671
0.02648553188 1.69 0.04689619372
0.02601379108 1.7 0.04744183448
0.02553664511 1.71 0.04797724462
0.02505419681 1.72 0.04850232246
0.02456655001 1.73 0.04901696899
0.02407380953 1.74 0.04952108792
0.02357608113 1.75 0.05001458564
0.02307347149 1.76 0.05049737128
0.02256608818 1.77 0.0509693567
0.02205403966 1.78 0.05143045651
0.02153743521 1.79 0.05188058806
0.02101638493 1.8 0.05231967147
0.0204909997 1.81 0.05274762962
0.01996139116 1.82 0.05316438819
0.01942767169 1.83 0.0535698756
0.01888995435 1.84 0.05396402309
0.0183483529 1.85 0.05434676465
0.01780298171 1.86 0.0547180371
0.0172539558 1.87 0.05507778
0.01670139078 1.88 0.05542593575
0.01614540279 1.89 0.0557624495
0.01558610854 1.9 0.0560872692
0.01502362523 1.91 0.05640034559
0.01445807053 1.92 0.05670163219
0.01388956259 1.93 0.05699108529
0.01331821995 1.94 0.05726866395
0.01274416157 1.95 0.05753433
0.01216750675 1.96 0.05778804802
0.01158837517 1.97 0.05802978536
0.01100688679 1.98 0.05825951209
0.01042316186 1.99 0.05847720102
0.009837320899 2 0.05868282769
0.009249484656 2.01 0.05887637033
0.008659774076 2.02 0.05905780988
0.008068310285 2.03 0.05922712999
0.007475214558 2.04 0.05938431693
0.006880608296 2.05 0.05952935969
0.006284612995 2.06 0.05966224985
0.00568735022 2.07 0.05978298167
0.005088941584 2.08 0.05989155198
0.004489508716 2.09 0.05998796023
0.003889173238 2.1 0.06007220846
0.003288056739 2.11 0.06014430124
0.002686280748 2.12 0.06020424571
0.00208396671 2.13 0.06025205153
0.001481235963 2.14 0.06028773086
0.0008782097085 2.15 0.06031129836
0.0002750089888 2.16 0.06032277112
-0.0003282453365 2.17 0.06032216872
-0.0009314326158 2.18 0.06030951313
-0.00153443243 2.19 0.06028482874
-0.002137124616 2.2 0.0602481423
-0.002739389289 2.21 0.06019948294
-0.003341106869 2.22 0.06013888209
-0.003942158101 2.23 0.06006637353
-0.004542424081 2.24 0.05998199329
-0.005141786275 2.25 0.05988577968
-0.005740126544 2.26 0.05977777324
-0.006337327167 2.27 0.05965801673
-0.00693327086 2.28 0.05952655509
-0.0075278408 2.29 0.05938343542
-0.008120920646 2.3 0.05922870695
-0.008712394562 2.31 0.05906242104
-0.009302147233 2.32 0.05888463112
-0.00989006389 2.33 0.05869539268
-0.01047603033 2.34 0.05849476324
-0.01105993294 2.35 0.05828280232
-0.01164165869 2.36 0.05805957142
-0.01222109522 2.37 0.05782513401
-0.01279813076 2.38 0.05757955545
-0.01337265425 2.39 0.05732290303
-0.01394455528 2.4 0.05705524587
-0.01451372416 2.41 0.05677665498
-0.01508005192 2.42 0.05648720315
-0.0156434303 2.43 0.05618696496
-0.01620375183 2.44 0.05587601676
-0.01676090979 2.45 0.05555443663
-0.01731479826 2.46 0.05522230436
-0.01786531212 2.47 0.05487970139
-0.01841234708 2.48 0.05452671086
-0.01895579969 2.49 0.05416341748
-0.01949556734 2.5 0.05378990758
-0.0200315483 2.51 0.05340626906
-0.02056364175 2.52 0.05301259137
-0.02109174773 2.53 0.05260896543
-0.02161576723 2.54 0.0521954837
-0.02213560215 2.55 0.05177224006
-0.02265115536 2.56 0.05133932985
-0.02316233067 2.57 0.0508968498
-0.02366903287 2.58 0.05044489802
-0.02417116775 2.59 0.04998357398
-0.02466864208 2.6 0.04951297846
-0.02516136365 2.61 0.04903321357
-0.0256492413 2.62 0.04854438266
-0.02613218489 2.63 0.04804659037
-0.02661010533 2.64 0.04753994252
-0.0270829146 2.65 0.04702454615
-0.02755052576 2.66 0.04650050947
-0.02801285295 2.67 0.04596794184
-0.02846981142 2.68 0.04542695374
-0.02892131753 2.69 0.04487765676
-0.02936728874 2.7 0.04432016353
-0.02980764368 2.71 0.04375458777
-0.03024230208 2.72 0.0431810442
-0.03067118485 2.73 0.04259964856
-0.03109421405 2.74 0.04201051756
-0.03151131293 2.75 0.04141376886
-0.0319224059 2.76 0.04080952105
-0.03232741857 2.77 0.04019789366
-0.03272627776 2.78 0.03957900708
-0.03311891147 2.79 0.03895298258
-0.03350524894 2.8 0.03831994225
-0.03388522063 2.81 0.03768000904
-0.03425875824 2.82 0.03703330667
-0.0346257947 2.83 0.03637995965
-0.03498626419 2.84 0.03572009326
-0.03534010216 2.85 0.0350538335
-0.03568724531 2.86 0.0343813071
-0.0360276316 2.87 0.03370264149
-0.03636120031 2.88 0.03301796476
-0.03668789196 2.89 0.03232740569
-0.03700764838 2.9 0.03163109367
-0.0373204127 2.91 0.03092915873
-0.03762612934 2.92 0.03022173149
-0.03792474405 2.93 0.02950894316
-0.03821620388 2.94 0.02879092552
-0.03850045719 2.95 0.02806781087
-0.0387774537 2.96 0.02733973208
-0.03904714443 2.97 0.0266068225
-0.03930948175 2.98 0.02586921599
-0.03956441936 2.99 0.02512704688
-0.03981191233 3 0.02438044997
-0.04005191705 3.01 0.02362956048
-0.04028439129 3.02 0.0228745141
-0.04050929415 3.03 0.02211544689
-0.04072658613 3.04 0.02135249533
-0.04093622907 3.05 0.02058579626
-0.04113818618 3.06 0.01981548691
-0.04133242206 3.07 0.01904170484
-0.04151890268 3.08 0.01826458795
-0.04169759539 3.09 0.01748427445
-0.04186846892 3.1 0.01670090287
-0.04203149339 3.11 0.01591461202
-0.04218664031 3.12 0.01512554097
-0.04233388259 3.13 0.01433382909
-0.04247319451 3.14 0.01353961596
-0.04260455179 3.15 0.0127430414
-0.04272793149 3.16 0.01194424547
-0.04284331214 3.17 0.0111433684
-0.04295067361 3.18 0.01034055063
-0.04304999722 3.19 0.009535932792
-0.04314126568 3.2 0.008729655656
-0.04322446311 3.21 0.007921860156
-0.04329957504 3.22 0.007112687364
-0.0433665884 3.23 0.006302278474
-0.04342549156 3.24 0.005490774792
-0.04347627428 3.25 0.004678317723
-0.04351892775 3.26 0.003865048759
-0.04355344455 3.27 0.003051109463
-0.04357981871 3.28 0.00223664146
-0.04359804566 3.29 0.001421786422
-0.04360812224 3.3 0.0006066860557
-0.04361004671 3.31 -0.0002085179114
-0.04360381877 3.32 -0.001023683741
-0.0435894395 3.33 -0.001838669698
-0.04356691144 3.34 -0.002653334065
-0.0435362385 3.35 -0.003467535152
-0.04349742604 3.36 -0.00428113131
-0.04345048083 3.37 -0.005093980946
-0.04339541106 3.38 -0.005905942532
-0.04333222631 3.39 -0.006716874621
-0.0432609376 3.4 -0.007526635858
-0.04318155737 3.41 -0.008335084995
-0.04309409943 3.42 -0.0091420809
-0.04299857905 3.43 -0.009947482575
-0.04289501288 3.44 -0.01075114917
-0.04278341898 3.45 -0.01155293998
-0.04266381683 3.46 -0.01235271448
-0.0425362273 3.47 -0.01315033235
-0.04240067267 3.48 -0.01394565342
-0.04225717662 3.49 -0.01473853779
-0.04210576423 3.5 -0.01552884574
-0.04194646197 3.51 -0.0163164378
-0.0417792977 3.52 -0.01710117478
-0.04160430069 3.53 -0.01788291773
-0.04142150158 3.54 -0.01866152799
-0.0412309324 3.55 -0.01943686721
-0.04103262656 3.56 -0.02020879732
-0.04082661886 3.57 -0.02097718062
-0.04061294546 3.58 -0.02174187971
-0.04039164391 3.59 -0.02250275759
-0.04016275311 3.6 -0.02325967759
-0.03992631333 3.61 -0.02401250346
-0.03968236622 3.62 -0.02476109934
-0.03943095475 3.63 -0.02550532979
-0.03917212327 3.64 -0.02624505982
-0.03890591748 3.65 -0.02698015487
-0.03863238441 3.66 -0.02771048086
-0.03835157242 3.67 -0.02843590422
-0.03806353123 3.68 -0.02915629184
-0.03776831186 3.69 -0.02987151118
-0.03746596669 3.7 -0.0305814302
-0.03715654937 3.71 -0.03128591743
-0.03684011491 3.72 -0.03198484198
-0.03651671958 3.73 -0.03267807355
-0.03618642099 3.74 -0.03336548246
-0.03584927802 3.75 -0.03404693965
-0.03550535085 3.76 -0.03472231672
-0.03515470093 3.77 -0.03539148593
-0.03479739099 3.78 -0.03605432024
-0.03443348503 3.79 -0.03671069331
-0.0340630483 3.8 -0.03736047953
-0.03368614731 3.81 -0.03800355406
-0.03330284982 3.82 -0.0386397928
-0.03291322481 3.83 -0.03926907247
-0.03251734251 3.84 -0.03989127058
-0.03211527435 3.85 -0.0405062655
-0.031707093 3.86 -0.04111393644
-0.03129287229 3.87 -0.04171416348
-0.0308726873 3.88 -0.04230682762
-0.03044661424 3.89 -0.04289181078
-0.03001473054 3.9 -0.04346899582
-0.02957711477 3.91 -0.04403826658
-0.02913384668 3.92 -0.04459950786
-0.02868500713 3.93 -0.04515260553
-0.02823067816 3.94 -0.04569744645
-0.02777094291 3.95 -0.04623391858
-0.02730588564 3.96 -0.04676191095
-0.02683559172 3.97 -0.0472813137
-0.02636014759 3.98 -0.04779201811
-0.02587964081 3.99 -0.04829391664
-0.02539415998 4 -0.04878690291
-0.02490379477 4.01 -0.04927087178
-0.02440863589 4.02 -0.04974571932
-0.02390877508 4.03 -0.05021134289
-0.02340430512 4.04 -0.05066764113
-0.02289531978 4.05 -0.05111451398
-0.02238191381 4.06 -0.05155186275
-0.02186418297 4.07 -0.05197959009
-0.02134222398 4.08 -0.05239760008
-0.02081613449 4.09 -0.05280579818
-0.02028601311 4.1 -0.05320409134
-0.01975195937 4.11 -0.05359238795
-0.01921407371 4.12 -0.05397059793
-0.01867245745 4.13 -0.05433863271
-0.0181272128 4.14 -0.05469640528
-0.01757844283 4.15 -0.05504383023
-0.01702625145 4.16 -0.05538082374
-0.01647074341 4.17 -0.05570730364
-0.01591202428 4.18 -0.05602318943
-0.01535020039 4.19 -0.05632840229
-0.0147853789 4.2 -0.05662286513
-0.0142176677 4.21 -0.05690650261
-0.01364717542 4.22 -0.05717924116
-0.01307401144 4.23 -0.05744100903
-0.01249828584 4.24 -0.05769173627
-0.01192010938 4.25 -0.05793135481
-0.01133959349 4.26 -0.05815979847
-0.01075685028 4.27 -0.05837700296
-0.01017199247 4.28 -0.05858290596
-0.009585133382 4.29 -0.05877744709
-0.008996386961 4.3 -0.05896056798
-0.008405867708 4.31 -0.05913221227
-0.007813690681 4.32 -0.05929232565
-0.007219971471 4.33 -0.05944085589
-0.00662482618 4.34 -0.05957775285
-0.006028371401 4.35 -0.05970296852
-0.005430724197 4.36 -0.05981645705
-0.004832002077 4.37 -0.05991817473
-0.004232322979 4.38 -0.06000808011
-0.003631805242 4.39 -0.06008613391
-0.003030567585 4.4 -0.06015229914
-0.002428729089 4.41 -0.06020654106
-0.001826409168 4.42 -0.06024882725
-0.001223727551 4.43 -0.06027912761
-0.0006208042526 4.44 -0.06029741436
-1.775955683e-05 4.45 -0.06030366213
0.0005852860127 4.46 -0.06029784791
0.001188211714 4.47 -0.06027995112
0.001790896611 4.48 -0.06024995361
0.002393219601 4.49 -0.06020783969
0.002995059433 4.5 -0.06015359613
0.003596294739 4.51 -0.06008721222
0.004196804058 4.52 -0.06000867976
0.004796465856 4.53 -0.05991799309
0.005395158558 4.54 -0.05981514908
0.00599276057 4.55 -0.0597001472
0.006589150307 4.56 -0.0595729895
0.007184206216 4.57 -0.05943368064
0.007777806806 4.58 -0.05928222789
0.008369830669 4.59 -0.05911864117
0.008960156514 4.6 -0.05894293306
0.009548663186 4.61 -0.05875511878
0.0101352297 4.62 -0.05855521627
0.01071973525 4.63 -0.05834324612
0.01130205928 4.64 -0.05811923165
0.01188208144 4.65 -0.0578831989
0.01245968169 4.66 -0.05763517662
0.01303474028 4.67 -0.05737519632
0.01360713778 4.68 -0.05710329223
0.01417675513 4.69 -0.05681950135
0.01474347364 4.7 -0.05652386343
0.01530717505 4.71 -0.056216421
0.01586774151 4.72 -0.05589721937
0.01642505568 4.73 -0.05556630659
0.01697900067 4.74 -0.05522373353
0.01752946015 4.75 -0.05486955384
0.01807631832 4.76 -0.05450382393
0.01861945996 4.77 -0.05412660303
0.01915877046 4.78 -0.05373795313
0.01969413584 4.79 -0.05333793903
0.02022544281 4.8 -0.05292662831
0.02075257872 4.81 -0.05250409131
0.02127543167 4.82 -0.0520704012
0.02179389052 4.83 -0.05162563386
0.02230784486 4.84 -0.05116986799
0.02281718512 4.85 -0.05070318503
0.02332180254 4.86 -0.05022566918
0.02382158922 4.87 -0.04973740738
0.02431643814 4.88 -0.04923848931
0.0248062432 4.89 -0.04872900738
0.02529089923 4.9 -0.04820905671
0.02577030203 4.91 -0.04767873512
0.02624434839 4.92 -0.04713814311
0.02671293612 4.93 -0.04658738388
0.02717596408 4.94 -0.04602656324
0.02763333218 4.95 -0.04545578968
0.02808494147 4.96 -0.0448751743
0.02853069408 4.97 -0.0442848308
0.02897049332 4.98 -0.04368487545
0.02940424366 4.99 -0.04307542709
0.02983185079 5 -0.04245660711
0.0302532216 5.01 -0.04182853941
0.03066826427 5.02 -0.04119135036
0.03107688821 5.03 -0.04054516883
0.03147900417 5.04 -0.03989012609
0.03187452421 5.05 -0.03922635585
0.03226336174 5.06 -0.0385539942
0.03264543154 5.07 -0.03787317958
0.03302064979 5.08 -0.03718405273
0.0333889341 5.09 -0.03648675672
0.03375020351 5.1 -0.03578143685
0.03410437852 5.11 -0.03506824066
0.03445138113 5.12 -0.03434731787
0.03479113484 5.13 -0.03361882036
0.03512356469 5.14 -0.03288290213
0.03544859726 5.15 -0.03213971925
0.0357661607 5.16 -0.03138942985
0.03607618477 5.17 -0.03063219405
0.03637860083 5.18 -0.02986817392
0.03667334185 5.19 -0.02909753349
0.03696034249 5.2 -0.02832043862
0.03723953906 5.21 -0.02753705705
0.03751086955 5.22 -0.02674755829
0.03777427365 5.23 -0.0259521136
0.0380296928 5.24 -0.02515089595
0.03827707016 5.25 -0.02434407995
0.03851635063 5.26 -0.02353184183
0.03874748091 5.27 -0.02271435939
0.03897040947 5.28 -0.02189181194
0.03918508659 5.29 -0.02106438023
0.03939146434 5.3 -0.02023224646
0.03958949666 5.31 -0.01939559416
0.0397791393 5.32 -0.01855460819
0.03996034988 5.33 -0.01770947468
0.04013308787 5.34 -0.01686038094
0.04029731466 5.35 -0.01600751546
0.04045299348 5.36 -0.01515106781
0.0406000895 5.37 -0.01429122862
0.04073856979 5.38 -0.01342818951
0.04086840333 5.39 -0.01256214303
0.04098956104 5.4 -0.01169328263
0.04110201579 5.41 -0.01082180256
0.04120574237 5.42 -0.009947897858
0.04130071756 5.43 -0.009071764264
0.04138692006 5.44 -0.008193598176
0.04146433058 5.45 -0.007313596589
0.04153293177 5.46 -0.006431957039
0.04159270827 5.47 -0.005548877541
0.0416436467 5.48 -0.004664556535
0.04168573569 5.49 -0.003779192826
0.04171896581 5.5 -0.002892985522
0.04174332968 5.51 -0.002006133984
0.04175882187 5.52 -0.001118837755
0.04176543897 5.53 -0.000231296512
0.04176317956 5.54 0.0006562899998
0.04175204422 5.55 0.001543722024
0.04173203553 5.56 0.002430799851
0.04170315807 5.57 0.003317323879
0.04166541839 5.58 0.004203094674
0.04161882507 5.59 0.005087913025
0.04156338866 5.6 0.005971580005
0.0414991217 5.61 0.006853897031
0.04142603872 5.62 0.007734665921
0.04134415622 5.63 0.00861368895
0.04125349269 5.64 0.009490768915
0.04115406857 5.65 0.01036570919
0.04104590628 5.66 0.01123831376
0.04092903019 5.67 0.01210838734
0.04080346662 5.68 0.01297573537
0.04066924383 5.69 0.01384016408
0.04052639201 5.7 0.01470148059
0.04037494329 5.71 0.0155594929
0.04021493171 5.72 0.01641401003
0.04004639319 5.73 0.01726484197
0.03986936558 5.74 0.01811179983
0.03968388859 5.75 0.01895469585
0.03949000382 5.76 0.01979334343
0.0392877547 5.77 0.02062755723
0.03907718655 5.78 0.02145715322
0.03885834648 5.79 0.02228194867
0.03863128346 5.8 0.02310176228
0.03839604823 5.81 0.02391641418
0.03815269335 5.82 0.02472572599
0.03790127313 5.83 0.02552952088
0.03764184366 5.84 0.02632762361
0.03737446277 5.85 0.02711986058
0.03709919002 5.86 0.02790605985
0.03681608667 5.87 0.02868605125
0.03652521568 5.88 0.02945966636
0.03622664168 5.89 0.03022673857
0.03592043097 5.9 0.03098710316
0.03560665147 5.91 0.03174059728
0.03528537274 5.92 0.03248706006
0.0349566659 5.93 0.0332263326
0.0346206037 5.94 0.03395825801
0.03427726041 5.95 0.03468268149
0.03392671185 5.96 0.03539945034
0.03356903536 5.97 0.03610841398
0.03320430977 5.98 0.03680942402
0.03283261538 5.99 0.03750233427
0.03245403395 6 0.0381870008
0.03206864865 6.01 0.03886328194
0.03167654407 6.02 0.03953103834
0.03127780619 6.03 0.04019013299
0.03087252232 6.04 0.04084043123
0.03046078113 6.05 0.04148180082
0.03004267258 6.06 0.04211411194
0.02961828793 6.07 0.04273723722
0.0291877197 6.08 0.04335105177
0.02875106164 6.09 0.04395543321
0.02830840871 6.1 0.04455026168
0.02785985707 6.11 0.04513541987
0.02740550401 6.12 0.04571079303
0.02694544798 6.13 0.04627626903
0.02647978854 6.14 0.04683173834
0.02600862631 6.15 0.04737709404
0.02553206298 6.16 0.04791223187
0.02505020127 6.17 0.04843705025
0.0245631449 6.18 0.04895145026
0.02407099855 6.19 0.04945533568
0.02357386788 6.2 0.04994861298
0.02307185944 6.21 0.05043119138
0.0225650807 6.22 0.0509029828
0.02205363997 6.23 0.0513639019
0.02153764641 6.24 0.05181386612
0.02101721001 6.25 0.05225279561
0.02049244152 6.26 0.05268061333
0.01996345245 6.27 0.05309724497
0.01943035504 6.28 0.05350261902
0.01889326225 6.29 0.05389666674
0.01835228768 6.3 0.05427932216
0.01780754559 6.31 0.05465052212
0.01725915087 6.32 0.05501020621
0.01670721899 6.33 0.05535831683
0.01615186596 6.34 0.05569479917
0.01559320837 6.35 0.05601960116
0.01503136327 6.36 0.05633267357
0.01446644821 6.37 0.05663396989
0.0138985812 6.38 0.05692344642
0.01332788065 6.39 0.05720106221
0.01275446537 6.4 0.05746677907
0.01217845456 6.41 0.05772056157
0.01159996774 6.42 0.05796237701
0.01101912473 6.43 0.05819219546
0.01043604567 6.44 0.05840998968
0.009850850937 6.45 0.05861573517
0.009263661133 6.46 0.05880941013
0.008674597076 6.47 0.05899099545
0.008083779757 6.48 0.05916047472
0.00749133032 6.49 0.05931783418
0.006897370028 6.5 0.05946306273
0.006302020245 6.51 0.05959615191
0.005705402404 6.52 0.0597170959
0.005107637984 6.53 0.05982589147
0.00450884848 6.54 0.059922538
0.003909155384 6.55 0.06000703743
0.003308680151 6.56 0.06007939428
0.00270754418 6.57 0.06013961558
0.002105868787 6.58 0.06018771091
0.001503775177 6.59 0.06022369233
0.0009013844221 6.6 0.06024757441
0.0002988174373 6.61 0.06025937416
-0.0003038050465 6.62 0.06025911104
-0.0009063625053 6.63 0.06024680691
-0.001508734646 6.64 0.06022248607
-0.002110801433 6.65 0.06018617515
-0.002712443105 6.66 0.06013790315
-0.003313540206 6.67 0.06007770143
-0.003913973606 6.68 0.0600056036
-0.004513624522 6.69 0.0599216456
-0.005112374541 6.7 0.05982586562
-0.005710105646 6.71 0.05971830405
-0.006306700234 6.72 0.05959900354
-0.006902041139 6.73 0.05946800889
-0.007496011657 6.74 0.05932536707
-0.008088495562 6.75 0.05917112718
-0.008679377132 6.76 0.05900534044
-0.009268541167 6.77 0.05882806015
-0.009855873011 6.78 0.05863934164
-0.01044125857 6.79 0.05843924231
-0.01102458434 6.8 0.05822782153
-0.01160573742 6.81 0.05800514066
-0.01218460552 6.82 0.05777126301
-0.01276107701 6.83 0.05752625382
-0.01333504092 6.84 0.05727018019
-0.01390638695 6.85 0.05700311114
-0.01447500551 6.86 0.05672511749
-0.01504078772 6.87 0.0564362719
-0.01560362543 6.88 0.0561366488
-0.01616341128 6.89 0.05582632437
-0.01672003863 6.9 0.05550537656
-0.01727340166 6.91 0.05517388498
-0.01782339536 6.92 0.05483193095
-0.0183699155 6.93 0.05447959741
-0.01891285875 6.94 0.05411696896
-0.01945212258 6.95 0.05374413176
-0.01998760535 6.96 0.05336117354
-0.02051920632 6.97 0.05296818361
-0.02104682563 6.98 0.05256525274
-0.02157036434 6.99 0.05215247322
-0.02208972445 7 0.05172993879
-0.02260480889 7.01 0.05129774462
-0.02311552157 7.02 0.05085598729
-0.02362176735 7.03 0.05040476477
-0.02412345208 7.04 0.04994417636
-0.02462048263 7.05 0.0494743227
-0.02511276687 7.06 0.04899530575
-0.02560021369 7.07 0.0485072287
-0.02608273302 7.08 0.04801019603
-0.02656023586 7.09 0.04750431342
-0.02703263425 7.1 0.04698968777
-0.02749984131 7.11 0.04646642714
-0.02796177126 7.12 0.04593464074
-0.0284183394 7.13 0.04539443889
-0.02886946216 7.14 0.04484593304
-0.02931505706 7.15 0.0442892357
-0.02975504278 7.16 0.04372446042
-0.03018933912 7.17 0.0431517218
-0.03061786705 7.18 0.04257113541
-0.03104054869 7.19 0.04198281784
-0.03145730732 7.2 0.04138688662
-0.03186806743 7.21 0.0407834602
-0.03227275466 7.22 0.04017265796
-0.03267129589 7.23 0.03955460017
-0.03306361917 7.24 0.03892940795
-0.03344965379 7.25 0.03829720329
-0.03382933026 7.26 0.03765810899
-0.03420258031 7.27 0.03701224864
-0.03456933693 7.28 0.03635974664
-0.03492953433 7.29 0.03570072813
-0.03528310801 7.3 0.035035319
-0.0356299947 7.31 0.03436364585
-0.03597013242 7.32 0.03368583599
-0.03630346047 7.33 0.0330020174
-0.03662991941 7.34 0.03231231873
-0.0369494511 7.35 0.03161686927
-0.03726199872 7.36 0.03091579893
-0.03756750671 7.37 0.03020923822
-0.03786592086 7.38 0.02949731824
-0.03815718824 7.39 0.02878017065
-0.03844125725 7.4 0.02805792767
-0.03871807764 7.41 0.02733072204
-0.03898760045 7.42 0.02659868702
-0.03924977808 7.43 0.02586195637
-0.03950456426 7.44 0.02512066431
-0.03975191408 7.45 0.02437494555
-0.03999178396 7.46 0.02362493522
-0.04022413168 7.47 0.0228707689
-0.04044891638 7.48 0.02211258256
-0.04066609856 7.49 0.02135051259
-0.04087564009 7.5 0.02058469574
-0.04107750421 7.51 0.01981526916
-0.04127165553 7.52 0.0190423703
-0.04145806003 7.53 0.018266137
-0.04163668508 7.54 0.01748670737
-0.04180749942 7.55 0.01670421986
-0.0419704732 7.56 0.01591881319
-0.04212557794 7.57 0.01513062638
-0.04227278655 7.58 0.01433979869
-0.04241207334 7.59 0.01354646962
-0.04254341402 7.6 0.01275077894
-0.04266678569 7.61 0.01195286661
-0.04278216686 7.62 0.0111528728
-0.04288953744 7.63 0.01035093788
-0.04298887873 7.64 0.009547202394
-0.04308017346 7.65 0.008741807052
-0.04316340576 7.66 0.007934892717
-0.04323856115 7.67 0.007126600389
-0.04330562659 7.68 0.006317071195
-0.04336459044 7.69 0.005506446375
-0.04341544247 7.7 0.004694867267
-0.04345817386 7.71 0.003882475296
-0.04349277722 7.72 0.003069411962
-0.04351924657 7.73 0.002255818824
-0.04353757732 7.74 0.00144183749
-0.04354776634 7.75 0.0006276096042
-0.04354981188 7.76 -0.0001867231689
-0.04354371364 7.77 -0.001001019153
-0.0435294727 7.78 -0.001815136677
-0.04350709159 7.79 -0.002628934083
-0.04347657423 7.8 -0.003442269742
-0.04343792598 7.81 -0.004255002069
-0.04339115359 7.82 -0.00506698953
-0.04333626526 7.83 -0.005878090658
-0.04327327056 7.84 -0.006688164068
-0.04320218051 7.85 -0.007497068466
-0.04312300753 7.86 -0.008304662664
-0.04303576545 7.87 -0.009110805593
-0.04294046951 7.88 -0.009915356316
-0.04283713636 7.89 -0.01071817404
-0.04272578406 7.9 -0.01151911813
-0.04260643206 7.91 -0.01231804813
-0.04247910125 7.92 -0.01311482376
-0.04234381388 7.93 -0.01390930494
-0.04220059362 7.94 -0.0147013518
-0.04204946554 7.95 -0.01549082472
-0.04189045611 7.96 -0.01627758428
-0.04172359317 7.97 -0.01706149136
-0.04154890597 7.98 -0.01784240707
-0.04136642515 7.99 -0.01862019283
-0.04117618271 8 -0.01939471034
-0.04097821207 8.01 -0.02016582162
-0.04077254798 8.02 -0.02093338903
-0.04055922661 8.03 -0.02169727525
-0.04033828549 8.04 -0.02245734334
-0.04010976348 8.05 -0.02321345672
-0.03987370087 8.06 -0.0239654792
-0.03963013925 8.07 -0.02471327502
-0.0393791216 8.08 -0.02545670879
-0.03912069224 8.09 -0.02619564562
-0.03885489685 8.1 -0.02692995103
-0.03858178242 8.11 -0.02765949102
-0.03830139732 8.12 -0.0283841321
-0.03801379122 8.13 -0.02910374126
-0.03771901513 8.14 -0.02981818603
-0.03741712139 8.15 -0.03052733447
-0.03710816364 8.16 -0.03123105521
-0.03679219684 8.17 -0.03192921745
-0.03646927726 8.18 -0.03262169098
-0.03613946247 8.19 -0.03330834621
-0.03580281131 8.2 -0.03398905419
-0.03545938394 8.21 -0.03466368662
-0.03510924177 8.22 -0.03533211587
-0.0347524475 8.23 -0.03599421499
-0.03438906509 8.24 -0.03664985777
-0.03401915977 8.25 -0.03729891869
-0.03364279801 8.26 -0.03794127303
-0.03326004752 8.27 -0.03857679682
-0.03287097726 8.28 -0.03920536687
-0.0324756574 8.29 -0.03982686083
-0.03207415934 8.3 -0.04044115717
-0.0316665557 8.31 -0.04104813524
-0.03125292029 8.32 -0.04164767525
-0.03083332811 8.33 -0.04223965833
-0.03040785535 8.34 -0.04282396651
-0.02997657939 8.35 -0.0434004828
-0.02953957875 8.36 -0.04396909117
-0.02909693312 8.37 -0.04452967657
-0.02864872332 8.38 -0.045082125
-0.02819503133 8.39 -0.04562632346
-0.02773594024 8.4 -0.04616216006
-0.02727153426 8.41 -0.04668952398
-0.02680189868 8.42 -0.04720830551
-0.02632711992 8.43 -0.04771839609
-0.02584728544 8.44 -0.04821968832
-0.02536248381 8.45 -0.04871207599
-0.02487280461 8.46 -0.04919545411
-0.02437833851 8.47 -0.04966971893
-0.02387917717 8.48 -0.05013476795
-0.02337541329 8.49 -0.05059049999
-0.02286714059 8.5 -0.05103681517
-0.02235445375 8.51 -0.05147361496
-0.02183744844 8.52 -0.05190080219
-0.02131622131 8.53 -0.0523182811
-0.02079086994 8.54 -0.05272595735
-0.02026149285 8.55 -0.05312373806
-0.01972818951 8.56 -0.05351153181
-0.01919106024 8.57 -0.05388924869
-0.01865020631 8.58 -0.05425680033
-0.01810572984 8.59 -0.0546140999
-0.01755773379 8.6 -0.05496106219
-0.017006322 8.61 -0.05529760356
-0.01645159912 8.62 -0.05562364205
-0.01589367062 8.63 -0.05593909734
-0.01533264274 8.64 -0.05624389082
-0.01476862254 8.65 -0.05653794559
-0.01420171781 8.66 -0.05682118652
-0.01363203708 8.67 -0.05709354023
-0.01305968961 8.68 -0.05735493517
-0.01248478539 8.69 -0.05760530161
-0.01190743506 8.7 -0.05784457168
-0.01132774995 8.71 -0.05807267941
-0.01074584205 8.72 -0.05828956071
-0.01016182395 8.73 -0.05849515346
-0.009575808877 8.74 -0.05868939751
-0.008987910642 8.75 -0.05887223468
-0.008398243627 8.76 -0.05904360884
-0.007806922764 8.77 -0.05920346587
-0.007214063516 8.78 -0.05935175377
-0.006619781857 8.79 -0.0594884226
-0.006024194248 8.8 -0.05961342456
-0.005427417617 8.81 -0.059726714
-0.004829569338 8.82 -0.05982824745
-0.004230767208 8.83 -0.05991798365
-0.003631129426 8.84 -0.05999588354
-0.003030774568 8.85 -0.06006191033
-0.002429821569 8.86 -0.0601160295
-0.001828389695 8.87 -0.06015820884
-0.001226598524 8.88 -0.06018841843
-0.00062456792 8.89 -0.06020663073
-2.241800988e-05 8.9 -0.06021282055
0.000579730839 8.91 -0.0602069651
0.001181758044 8.92 -0.060189044
0.001783542832 8.93 -0.06015903928
0.002384964262 8.94 -0.06011693547
0.002985901252 8.95 -0.06006271953
0.003586232601 8.96 -0.05999638095
0.004185837018 8.97 -0.05991791171
0.004784593143 8.98 -0.05982730633
0.005382379576 8.99 -0.0597245619
0.005979074901 9 -0.05960967805
0.00657455771 9.01 -0.05948265701
0.007168706635 9.02 -0.05934350362
0.007761400364 9.03 -0.05919222533
0.00835251768 9.04 -0.05902883223
0.008941937475 9.05 -0.05885333706
0.009529538786 9.06 -0.05866575521
0.01011520082 9.07 -0.05846610476
0.01069880296 9.08 -0.05825440649
0.01128022485 9.09 -0.05803068385
0.01185934634 9.1 -0.05779496302
0.01243604759 9.11 -0.05754727291
0.01301020904 9.12 -0.05728764515
0.01358171147 9.13 -0.05701611411
0.01415043602 9.14 -0.05673271691
0.01471626421 9.15 -0.05643749344
0.01527907799 9.16 -0.05613048633
0.01583875972 9.17 -0.05581174099
0.01639519225 9.18 -0.0554813056
0.01694825894 9.19 -0.05513923112
0.01749784363 9.2 -0.05478557127
0.01804383077 9.21 -0.05442038257
0.01858610533 9.22 -0.05404372432
0.01912455294 9.23 -0.0536556586
0.01965905983 9.24 -0.05325625025
0.02018951291 9.25 -0.05284556692
0.02071579978 9.26 -0.05242367902
0.02123780875 9.27 -0.05199065972
0.02175542888 9.28 -0.05154658499
0.02226855002 9.29 -0.05109153353
0.0227770628 9.3 -0.05062558681
0.02328085869 9.31 -0.05014882903
0.02377983001 9.32 -0.04966134717
0.02427386998 9.33 -0.04916323088
0.02476287271 9.34 -0.04865457257
0.02524673326 9.35 -0.04813546735
0.02572534766 9.36 -0.04760601299
0.02619861293 9.37 -0.04706630999
0.02666642709 9.38 -0.04651646148
0.02712868923 9.39 -0.04595657324
0.02758529951 9.4 -0.04538675368
0.02803615917 9.41 -0.04480711384
0.02848117059 9.42 -0.04421776734
0.02892023731 9.43 -0.04361883036
0.02935326401 9.44 -0.04301042167
0.0297801566 9.45 -0.04239266252
0.03020082222 9.46 -0.0417656767
0.03061516924 9.47 -0.04112959048
0.03102310732 9.48 -0.04048453257
0.03142454742 9.49 -0.03983063412
0.03181940182 9.5 -0.03916802868
0.03220758414 9.51 -0.03849685217
0.0325890094 9.52 -0.03781724286
0.03296359398 9.53 -0.03712934132
0.0333312557 9.54 -0.03643329043
0.03369191383 9.55 -0.03572923529
0.03404548908 9.56 -0.03501732323
0.03439190365 9.57 -0.03429770375
0.03473108126 9.58 -0.0335705285
0.03506294714 9.59 -0.03283595124
0.03538742809 9.6 -0.03209412781
0.03570445247 9.61 -0.03134521607
0.03601395022 9.62 -0.03058937587
0.0363158529 9.63 -0.02982676903
0.0366100937 9.64 -0.02905755926
0.03689660745 9.65 -0.02828191216
0.03717533065 9.66 -0.02749999515
0.03744620148 9.67 -0.02671197743
0.03770915984 9.68 -0.02591802995
0.03796414732 9.69 -0.02511832533
0.03821110727 9.7 -0.02431303786
0.03844998477 9.71 -0.02350234343
0.0386807267 9.72 -0.02268641947
0.03890328168 9.73 -0.02186544491
0.03911760017 9.74 -0.02103960016
0.03932363441 9.75 -0.02020906702
0.03952133848 9.76 -0.01937402865
0.0397106683 9.77 -0.01853466949
0.03989158163 9.78 -0.01769117528
0.04006403811 9.79 -0.01684373291
0.04022799925 9.8 -0.01599253046
0.04038342844 9.81 -0.01513775706
0.04053029098 9.82 -0.01427960293
0.04066855406 9.83 -0.01341825922
0.04079818681 9.84 -0.01255391806
0.04091916026 9.85 -0.01168677242
0.0410314474 9.86 -0.01081701611
0.04113502314 9.87 -0.009944843687
0.04122986436 9.88 -0.009070450426
0.04131594989 9.89 -0.008194032244
0.04139326051 9.9 -0.007315785654
0.04146177899 9.91 -0.006435907701
0.04152149006 9.92 -0.005554595906
0.04157238042 9.93 -0.00467204821
0.04161443877 9.94 -0.003788462914
0.04164765579 9.95 -0.002904038619
0.04167202414 9.96 -0.002018974172
0.04168753848 9.97 -0.001133468601
0.04169419545 9.98 -0.0002477210637
0.04169199369 9.99 0.0006380692185
0.04168093384 10 0.001523703015
