0 0
0.01 0.0006033241252
0.02 0.001206527504
0.03 0.001809489152
0.04 0.002412087917
0.05 0.003014202501
0.06 0.003615711484
0.07 0.004216493354
0.08 0.004816426526
0.09 0.005415389373
0.1 0.006013260247
0.11 0.006609917508
0.12 0.00720523955
0.13 0.007799104825
0.14 0.00839139187
0.15 0.008981979335
0.16 0.009570746009
0.17 0.01015757084
0.18 0.01074233299
0.19 0.0113249118
0.2 0.0119051869
0.21 0.01248303817
0.22 0.01305834579
0.23 0.01363099028
0.24 0.01420085251
0.25 0.01476781373
0.26 0.0153317556
0.27 0.01589256024
0.28 0.0164501102
0.29 0.01700428855
0.3 0.01755497889
0.31 0.01810206534
0.32 0.01864543262
0.33 0.01918496606
0.34 0.0197205516
0.35 0.02025207586
0.36 0.02077942615
0.37 0.0213024905
0.38 0.02182115766
0.39 0.02233531719
0.4 0.02284485942
0.41 0.02334967553
0.42 0.02384965754
0.43 0.02434469836
0.44 0.02483469182
0.45 0.02531953267
0.46 0.02579911663
0.47 0.02627334042
0.48 0.02674210177
0.49 0.02720529947
0.5 0.02766283337
0.51 0.02811460441
0.52 0.02856051466
0.53 0.02900046736
0.54 0.02943436691
0.55 0.0298621189
0.56 0.03028363017
0.57 0.0306988088
0.58 0.03110756415
0.59 0.03150980687
0.6 0.03190544896
0.61 0.03229440374
0.62 0.03267658594
0.63 0.03305191164
0.64 0.03342029839
0.65 0.03378166515
0.66 0.03413593235
0.67 0.03448302191
0.68 0.03482285727
0.69 0.03515536339
0.7 0.03548046678
0.71 0.03579809552
0.72 0.03610817929
0.73 0.03641064939
0.74 0.03670543872
0.75 0.03699248188
0.76 0.03727171509
0.77 0.03754307629
0.78 0.03780650512
0.79 0.03806194293
0.8 0.03830933281
0.81 0.03854861963
0.82 0.03877975001
0.83 0.03900267236
0.84 0.03921733689
0.85 0.03942369564
0.86 0.03962170247
0.87 0.03981131308
0.88 0.03999248504
0.89 0.04016517777
0.9 0.04032935259
0.91 0.04048497271
0.92 0.04063200323
0.93 0.04077041117
0.94 0.04090016549
0.95 0.04102123704
0.96 0.04113359866
0.97 0.04123722511
0.98 0.0413320931
0.99 0.04141818133
1 0.04149547044
1.01 0.04156394307
1.02 0.04162358383
1.03 0.04167437931
1.04 0.04171631809
1.05 0.04174939074
1.06 0.04177358984
1.07 0.04178890995
1.08 0.04179534763
1.09 0.04179290146
1.1 0.04178157199
1.11 0.04176136178
1.12 0.04173227541
1.13 0.04169431943
1.14 0.04164750239
1.15 0.04159183485
1.16 0.04152732935
1.17 0.04145400041
1.18 0.04137186454
1.19 0.04128094023
1.2 0.04118124793
1.21 0.04107281007
1.22 0.04095565103
1.23 0.04082979713
1.24 0.04069527667
1.25 0.04055211985
1.26 0.04040035881
1.27 0.04024002762
1.28 0.04007116223
1.29 0.03989380051
1.3 0.03970798221
1.31 0.03951374894
1.32 0.0393111442
1.33 0.03910021332
1.34 0.03888100347
1.35 0.03865356364
1.36 0.03841794463
1.37 0.03817419904
1.38 0.03792238123
1.39 0.03766254735
1.4 0.03739475527
1.41 0.03711906462
1.42 0.0368355367
1.43 0.03654423455
1.44 0.03624522286
1.45 0.03593856798
1.46 0.03562433792
1.47 0.03530260228
1.48 0.03497343229
1.49 0.03463690074
1.5 0.034293082
1.51 0.03394205195
1.52 0.03358388803
1.53 0.03321866913
1.54 0.03284647565
1.55 0.03246738943
1.56 0.03208149374
1.57 0.03168887326
1.58 0.03128961403
1.59 0.0308838035
1.6 0.0304715304
1.61 0.03005288482
1.62 0.02962795809
1.63 0.02919684285
1.64 0.02875963295
1.65 0.02831642345
1.66 0.02786731061
1.67 0.02741239185
1.68 0.02695176572
1.69 0.02648553188
1.7 0.02601379108
1.71 0.02553664511
1.72 0.02505419681
1.73 0.02456655001
1.74 0.02407380953
1.75 0.02357608113
1.76 0.02307347149
1.77 0.02256608818
1.78 0.02205403966
1.79 0.02153743521
1.8 0.02101638493
1.81 0.0204909997
1.82 0.01996139116
1.83 0.01942767169
1.84 0.01888995435
1.85 0.0183483529
1.86 0.01780298171
1.87 0.0172539558
1.88 0.01670139078
1.89 0.01614540279
1.9 0.01558610854
1.91 0.01502362523
1.92 0.01445807053
1.93 0.01388956259
1.94 0.01331821995
1.95 0.01274416157
1.96 0.01216750675
1.97 0.01158837517
1.98 0.01100688679
1.99 0.01042316186
2 0.009837320899
2.01 0.009249484656
2.02 0.008659774076
2.03 0.008068310285
2.04 0.007475214558
2.05 0.006880608296
2.06 0.006284612995
2.07 0.00568735022
2.08 0.005088941584
2.09 0.004489508716
2.1 0.003889173238
2.11 0.003288056739
2.12 0.002686280748
2.13 0.00208396671
2.14 0.001481235963
2.15 0.0008782097085
2.16 0.0002750089888
2.17 0.0003282453365
2.18 0.0009314326158
2.19 0.00153443243
2.2 0.002137124616
2.21 0.002739389289
2.22 0.003341106869
2.23 0.003942158101
2.24 0.004542424081
2.25 0.005141786275
2.26 0.005740126544
2.27 0.006337327167
2.28 0.00693327086
2.29 0.0075278408
2.3 0.008120920646
2.31 0.008712394562
2.32 0.009302147233
2.33 0.00989006389
2.34 0.01047603033
2.35 0.01105993294
2.36 0.01164165869
2.37 0.01222109522
2.38 0.01279813076
2.39 0.01337265425
2.4 0.01394455528
2.41 0.01451372416
2.42 0.01508005192
2.43 0.0156434303
2.44 0.01620375183
2.45 0.01676090979
2.46 0.01731479826
2.47 0.01786531212
2.48 0.01841234708
2.49 0.01895579969
2.5 0.01949556734
2.51 0.0200315483
2.52 0.02056364175
2.53 0.02109174773
2.54 0.02161576723
2.55 0.02213560215
2.56 0.02265115536
2.57 0.02316233067
2.58 0.02366903287
2.59 0.02417116775
2.6 0.02466864208
2.61 0.02516136365
2.62 0.0256492413
2.63 0.02613218489
2.64 0.02661010533
2.65 0.0270829146
2.66 0.02755052576
2.67 0.02801285295
2.68 0.02846981142
2.69 0.02892131753
2.7 0.02936728874
2.71 0.02980764368
2.72 0.03024230208
2.73 0.03067118485
2.74 0.03109421405
2.75 0.03151131293
2.76 0.0319224059
2.77 0.03232741857
2.78 0.03272627776
2.79 0.03311891147
2.8 0.03350524894
2.81 0.03388522063
2.82 0.03425875824
2.83 0.0346257947
2.84 0.03498626419
2.85 0.03534010216
2.86 0.03568724531
2.87 0.0360276316
2.88 0.03636120031
2.89 0.03668789196
2.9 0.03700764838
2.91 0.0373204127
2.92 0.03762612934
2.93 0.03792474405
2.94 0.03821620388
2.95 0.03850045719
2.96 0.0387774537
2.97 0.03904714443
2.98 0.03930948175
2.99 0.03956441936
3 0.03981191233
3.01 0.04005191705
3.02 0.04028439129
3.03 0.04050929415
3.04 0.04072658613
3.05 0.04093622907
3.06 0.04113818618
3.07 0.04133242206
3.08 0.04151890268
3.09 0.04169759539
3.1 0.04186846892
3.11 0.04203149339
3.12 0.04218664031
3.13 0.04233388259
3.14 0.04247319451
3.15 0.04260455179
3.16 0.04272793149
3.17 0.04284331214
3.18 0.04295067361
3.19 0.04304999722
3.2 0.04314126568
3.21 0.04322446311
3.22 0.04329957504
3.23 0.0433665884
3.24 0.04342549156
3.25 0.04347627428
3.26 0.04351892775
3.27 0.04355344455
3.28 0.04357981871
3.29 0.04359804566
3.3 0.04360812224
3.31 0.04361004671
3.32 0.04360381877
3.33 0.0435894395
3.34 0.04356691144
3.35 0.0435362385
3.36 0.04349742604
3.37 0.04345048083
3.38 0.04339541106
3.39 0.04333222631
3.4 0.0432609376
3.41 0.04318155737
3.42 0.04309409943
3.43 0.04299857905
3.44 0.04289501288
3.45 0.04278341898
3.46 0.04266381683
3.47 0.0425362273
3.48 0.04240067267
3.49 0.04225717662
3.5 0.04210576423
3.51 0.04194646197
3.52 0.0417792977
3.53 0.04160430069
3.54 0.04142150158
3.55 0.0412309324
3.56 0.04103262656
3.57 0.04082661886
3.58 0.04061294546
3.59 0.04039164391
3.6 0.04016275311
3.61 0.03992631333
3.62 0.03968236622
3.63 0.03943095475
3.64 0.03917212327
3.65 0.03890591748
3.66 0.03863238441
3.67 0.03835157242
3.68 0.03806353123
3.69 0.03776831186
3.7 0.03746596669
3.71 0.03715654937
3.72 0.03684011491
3.73 0.03651671958
3.74 0.03618642099
3.75 0.03584927802
3.76 0.03550535085
3.77 0.03515470093
3.78 0.03479739099
3.79 0.03443348503
3.8 0.0340630483
3.81 0.03368614731
3.82 0.03330284982
3.83 0.03291322481
3.84 0.03251734251
3.85 0.03211527435
3.86 0.031707093
3.87 0.03129287229
3.88 0.0308726873
3.89 0.03044661424
3.9 0.03001473054
3.91 0.02957711477
3.92 0.02913384668
3.93 0.02868500713
3.94 0.02823067816
3.95 0.02777094291
3.96 0.02730588564
3.97 0.02683559172
3.98 0.02636014759
3.99 0.02587964081
4 0.02539415998
4.01 0.02490379477
4.02 0.02440863589
4.03 0.02390877508
4.04 0.02340430512
4.05 0.02289531978
4.06 0.02238191381
4.07 0.02186418297
4.08 0.02134222398
4.09 0.02081613449
4.1 0.02028601311
4.11 0.01975195937
4.12 0.01921407371
4.13 0.01867245745
4.14 0.0181272128
4.15 0.01757844283
4.16 0.01702625145
4.17 0.01647074341
4.18 0.01591202428
4.19 0.01535020039
4.2 0.0147853789
4.21 0.0142176677
4.22 0.01364717542
4.23 0.01307401144
4.24 0.01249828584
4.25 0.01192010938
4.26 0.01133959349
4.27 0.01075685028
4.28 0.01017199247
4.29 0.009585133382
4.3 0.008996386961
4.31 0.008405867708
4.32 0.007813690681
4.33 0.007219971471
4.34 0.00662482618
4.35 0.006028371401
4.36 0.005430724197
4.37 0.004832002077
4.38 0.004232322979
4.39 0.003631805242
4.4 0.003030567585
4.41 0.002428729089
4.42 0.001826409168
4.43 0.001223727551
4.44 0.0006208042526
4.45 1.775955683e-05
4.46 0.0005852860127
4.47 0.001188211714
4.48 0.001790896611
4.49 0.002393219601
4.5 0.002995059433
4.51 0.003596294739
4.52 0.004196804058
4.53 0.004796465856
4.54 0.005395158558
4.55 0.00599276057
4.56 0.006589150307
4.57 0.007184206216
4.58 0.007777806806
4.59 0.008369830669
4.6 0.008960156514
4.61 0.009548663186
4.62 0.0101352297
4.63 0.01071973525
4.64 0.01130205928
4.65 0.01188208144
4.66 0.01245968169
4.67 0.01303474028
4.68 0.01360713778
4.69 0.01417675513
4.7 0.01474347364
4.71 0.01530717505
4.72 0.01586774151
4.73 0.01642505568
4.74 0.01697900067
4.75 0.01752946015
4.76 0.01807631832
4.77 0.01861945996
4.78 0.01915877046
4.79 0.01969413584
4.8 0.02022544281
4.81 0.02075257872
4.82 0.02127543167
4.83 0.02179389052
4.84 0.02230784486
4.85 0.02281718512
4.86 0.02332180254
4.87 0.02382158922
4.88 0.02431643814
4.89 0.0248062432
4.9 0.02529089923
4.91 0.02577030203
4.92 0.02624434839
4.93 0.02671293612
4.94 0.02717596408
4.95 0.02763333218
4.96 0.02808494147
4.97 0.02853069408
4.98 0.02897049332
4.99 0.02940424366
5 0.02983185079
5.01 0.0302532216
5.02 0.03066826427
5.03 0.03107688821
5.04 0.03147900417
5.05 0.03187452421
5.06 0.03226336174
5.07 0.03264543154
5.08 0.03302064979
5.09 0.0333889341
5.1 0.03375020351
5.11 0.03410437852
5.12 0.03445138113
5.13 0.03479113484
5.14 0.03512356469
5.15 0.03544859726
5.16 0.0357661607
5.17 0.03607618477
5.18 0.03637860083
5.19 0.03667334185
5.2 0.03696034249
5.21 0.03723953906
5.22 0.03751086955
5.23 0.03777427365
5.24 0.0380296928
5.25 0.03827707016
5.26 0.03851635063
5.27 0.03874748091
5.28 0.03897040947
5.29 0.03918508659
5.3 0.03939146434
5.31 0.03958949666
5.32 0.0397791393
5.33 0.03996034988
5.34 0.04013308787
5.35 0.04029731466
5.36 0.04045299348
5.37 0.0406000895
5.38 0.04073856979
5.39 0.04086840333
5.4 0.04098956104
5.41 0.04110201579
5.42 0.04120574237
5.43 0.04130071756
5.44 0.04138692006
5.45 0.04146433058
5.46 0.04153293177
5.47 0.04159270827
5.48 0.0416436467
5.49 0.04168573569
5.5 0.04171896581
5.51 0.04174332968
5.52 0.04175882187
5.53 0.04176543897
5.54 0.04176317956
5.55 0.04175204422
5.56 0.04173203553
5.57 0.04170315807
5.58 0.04166541839
5.59 0.04161882507
5.6 0.04156338866
5.61 0.0414991217
5.62 0.04142603872
5.63 0.04134415622
5.64 0.04125349269
5.65 0.04115406857
5.66 0.04104590628
5.67 0.04092903019
5.68 0.04080346662
5.69 0.04066924383
5.7 0.04052639201
5.71 0.04037494329
5.72 0.04021493171
5.73 0.04004639319
5.74 0.03986936558
5.75 0.03968388859
5.76 0.03949000382
5.77 0.0392877547
5.78 0.03907718655
5.79 0.03885834648
5.8 0.03863128346
5.81 0.03839604823
5.82 0.03815269335
5.83 0.03790127313
5.84 0.03764184366
5.85 0.03737446277
5.86 0.03709919002
5.87 0.03681608667
5.88 0.03652521568
5.89 0.03622664168
5.9 0.03592043097
5.91 0.03560665147
5.92 0.03528537274
5.93 0.0349566659
5.94 0.0346206037
5.95 0.03427726041
5.96 0.03392671185
5.97 0.03356903536
5.98 0.03320430977
5.99 0.03283261538
6 0.03245403395
6.01 0.03206864865
6.02 0.03167654407
6.03 0.03127780619
6.04 0.03087252232
6.05 0.03046078113
6.06 0.03004267258
6.07 0.02961828793
6.08 0.0291877197
6.09 0.02875106164
6.1 0.02830840871
6.11 0.02785985707
6.12 0.02740550401
6.13 0.02694544798
6.14 0.02647978854
6.15 0.02600862631
6.16 0.02553206298
6.17 0.02505020127
6.18 0.0245631449
6.19 0.02407099855
6.2 0.02357386788
6.21 0.02307185944
6.22 0.0225650807
6.23 0.02205363997
6.24 0.02153764641
6.25 0.02101721001
6.26 0.02049244152
6.27 0.01996345245
6.28 0.01943035504
6.29 0.01889326225
6.3 0.01835228768
6.31 0.01780754559
6.32 0.01725915087
6.33 0.01670721899
6.34 0.01615186596
6.35 0.01559320837
6.36 0.01503136327
6.37 0.01446644821
6.38 0.0138985812
6.39 0.01332788065
6.4 0.01275446537
6.41 0.01217845456
6.42 0.01159996774
6.43 0.01101912473
6.44 0.01043604567
6.45 0.009850850937
6.46 0.009263661133
6.47 0.008674597076
6.48 0.008083779757
6.49 0.00749133032
6.5 0.006897370028
6.51 0.006302020245
6.52 0.005705402404
6.53 0.005107637984
6.54 0.00450884848
6.55 0.003909155384
6.56 0.003308680151
6.57 0.00270754418
6.58 0.002105868787
6.59 0.001503775177
6.6 0.0009013844221
6.61 0.0002988174373
6.62 0.0003038050465
6.63 0.0009063625053
6.64 0.001508734646
6.65 0.002110801433
6.66 0.002712443105
6.67 0.003313540206
6.68 0.003913973606
6.69 0.004513624522
6.7 0.005112374541
6.71 0.005710105646
6.72 0.006306700234
6.73 0.006902041139
6.74 0.007496011657
6.75 0.008088495562
6.76 0.008679377132
6.77 0.009268541167
6.78 0.009855873011
6.79 0.01044125857
6.8 0.01102458434
6.81 0.01160573742
6.82 0.01218460552
6.83 0.01276107701
6.84 0.01333504092
6.85 0.01390638695
6.86 0.01447500551
6.87 0.01504078772
6.88 0.01560362543
6.89 0.01616341128
6.9 0.01672003863
6.91 0.01727340166
6.92 0.01782339536
6.93 0.0183699155
6.94 0.01891285875
6.95 0.01945212258
6.96 0.01998760535
6.97 0.02051920632
6.98 0.02104682563
6.99 0.02157036434
7 0.02208972445
7.01 0.02260480889
7.02 0.02311552157
7.03 0.02362176735
7.04 0.02412345208
7.05 0.02462048263
7.06 0.02511276687
7.07 0.02560021369
7.08 0.02608273302
7.09 0.02656023586
7.1 0.02703263425
7.11 0.02749984131
7.12 0.02796177126
7.13 0.0284183394
7.14 0.02886946216
7.15 0.02931505706
7.16 0.02975504278
7.17 0.03018933912
7.18 0.03061786705
7.19 0.03104054869
7.2 0.03145730732
7.21 0.03186806743
7.22 0.03227275466
7.23 0.03267129589
7.24 0.03306361917
7.25 0.03344965379
7.26 0.03382933026
7.27 0.03420258031
7.28 0.03456933693
7.29 0.03492953433
7.3 0.03528310801
7.31 0.0356299947
7.32 0.03597013242
7.33 0.03630346047
7.34 0.03662991941
7.35 0.0369494511
7.36 0.03726199872
7.37 0.03756750671
7.38 0.03786592086
7.39 0.03815718824
7.4 0.03844125725
7.41 0.03871807764
7.42 0.03898760045
7.43 0.03924977808
7.44 0.03950456426
7.45 0.03975191408
7.46 0.03999178396
7.47 0.04022413168
7.48 0.04044891638
7.49 0.04066609856
7.5 0.04087564009
7.51 0.04107750421
7.52 0.04127165553
7.53 0.04145806003
7.54 0.04163668508
7.55 0.04180749942
7.56 0.0419704732
7.57 0.04212557794
7.58 0.04227278655
7.59 0.04241207334
7.6 0.04254341402
7.61 0.04266678569
7.62 0.04278216686
7.63 0.04288953744
7.64 0.04298887873
7.65 0.04308017346
7.66 0.04316340576
7.67 0.04323856115
7.68 0.04330562659
7.69 0.04336459044
7.7 0.04341544247
7.71 0.04345817386
7.72 0.04349277722
7.73 0.04351924657
7.74 0.04353757732
7.75 0.04354776634
7.76 0.04354981188
7.77 0.04354371364
7.78 0.0435294727
7.79 0.04350709159
7.8 0.04347657423
7.81 0.04343792598
7.82 0.04339115359
7.83 0.04333626526
7.84 0.04327327056
7.85 0.04320218051
7.86 0.04312300753
7.87 0.04303576545
7.88 0.04294046951
7.89 0.04283713636
7.9 0.04272578406
7.91 0.04260643206
7.92 0.04247910125
7.93 0.04234381388
7.94 0.04220059362
7.95 0.04204946554
7.96 0.04189045611
7.97 0.04172359317
7.98 0.04154890597
7.99 0.04136642515
8 0.04117618271
8.01 0.04097821207
8.02 0.04077254798
8.03 0.04055922661
8.04 0.04033828549
8.05 0.04010976348
8.06 0.03987370087
8.07 0.03963013925
8.08 0.0393791216
8.09 0.03912069224
8.1 0.03885489685
8.11 0.03858178242
8.12 0.03830139732
8.13 0.03801379122
8.14 0.03771901513
8.15 0.03741712139
8.16 0.03710816364
8.17 0.03679219684
8.18 0.03646927726
8.19 0.03613946247
8.2 0.03580281131
8.21 0.03545938394
8.22 0.03510924177
8.23 0.0347524475
8.24 0.03438906509
8.25 0.03401915977
8.26 0.03364279801
8.27 0.03326004752
8.28 0.03287097726
8.29 0.0324756574
8.3 0.03207415934
8.31 0.0316665557
8.32 0.03125292029
8.33 0.03083332811
8.34 0.03040785535
8.35 0.02997657939
8.36 0.02953957875
8.37 0.02909693312
8.38 0.02864872332
8.39 0.02819503133
8.4 0.02773594024
8.41 0.02727153426
8.42 0.02680189868
8.43 0.02632711992
8.44 0.02584728544
8.45 0.02536248381
8.46 0.02487280461
8.47 0.02437833851
8.48 0.02387917717
8.49 0.02337541329
8.5 0.02286714059
8.51 0.02235445375
8.52 0.02183744844
8.53 0.02131622131
8.54 0.02079086994
8.55 0.02026149285
8.56 0.01972818951
8.57 0.01919106024
8.58 0.01865020631
8.59 0.01810572984
8.6 0.01755773379
8.61 0.017006322
8.62 0.01645159912
8.63 0.01589367062
8.64 0.01533264274
8.65 0.01476862254
8.66 0.01420171781
8.67 0.01363203708
8.68 0.01305968961
8.69 0.01248478539
8.7 0.01190743506
8.71 0.01132774995
8.72 0.01074584205
8.73 0.01016182395
8.74 0.009575808877
8.75 0.008987910642
8.76 0.008398243627
8.77 0.007806922764
8.78 0.007214063516
8.79 0.006619781857
8.8 0.006024194248
8.81 0.005427417617
8.82 0.004829569338
8.83 0.004230767208
8.84 0.003631129426
8.85 0.003030774568
8.86 0.002429821569
8.87 0.001828389695
8.88 0.001226598524
8.89 0.00062456792
8.9 2.241800988e-05
8.91 0.000579730839
8.92 0.001181758044
8.93 0.001783542832
8.94 0.002384964262
8.95 0.002985901252
8.96 0.003586232601
8.97 0.004185837018
8.98 0.004784593143
8.99 0.005382379576
9 0.005979074901
9.01 0.00657455771
9.02 0.007168706635
9.03 0.007761400364
9.04 0.00835251768
9.05 0.008941937475
9.06 0.009529538786
9.07 0.01011520082
9.08 0.01069880296
9.09 0.01128022485
9.1 0.01185934634
9.11 0.01243604759
9.12 0.01301020904
9.13 0.01358171147
9.14 0.01415043602
9.15 0.01471626421
9.16 0.01527907799
9.17 0.01583875972
9.18 0.01639519225
9.19 0.01694825894
9.2 0.01749784363
9.21 0.01804383077
9.22 0.01858610533
9.23 0.01912455294
9.24 0.01965905983
9.25 0.02018951291
9.26 0.02071579978
9.27 0.02123780875
9.28 0.02175542888
9.29 0.02226855002
9.3 0.0227770628
9.31 0.02328085869
9.32 0.02377983001
9.33 0.02427386998
9.34 0.02476287271
9.35 0.02524673326
9.36 0.02572534766
9.37 0.02619861293
9.38 0.02666642709
9.39 0.02712868923
9.4 0.02758529951
9.41 0.02803615917
9.42 0.02848117059
9.43 0.02892023731
9.44 0.02935326401
9.45 0.0297801566
9.46 0.03020082222
9.47 0.03061516924
9.48 0.03102310732
9.49 0.03142454742
9.5 0.03181940182
9.51 0.03220758414
9.52 0.0325890094
9.53 0.03296359398
9.54 0.0333312557
9.55 0.03369191383
9.56 0.03404548908
9.57 0.03439190365
9.58 0.03473108126
9.59 0.03506294714
9.6 0.03538742809
9.61 0.03570445247
9.62 0.03601395022
9.63 0.0363158529
9.64 0.0366100937
9.65 0.03689660745
9.66 0.03717533065
9.67 0.03744620148
9.68 0.03770915984
9.69 0.03796414732
9.7 0.03821110727
9.71 0.03844998477
9.72 0.0386807267
9.73 0.03890328168
9.74 0.03911760017
9.75 0.03932363441
9.76 0.03952133848
9.77 0.0397106683
9.78 0.03989158163
9.79 0.04006403811
9.8 0.04022799925
9.81 0.04038342844
9.82 0.04053029098
9.83 0.04066855406
9.84 0.04079818681
9.85 0.04091916026
9.86 0.0410314474
9.87 0.04113502314
9.88 0.04122986436
9.89 0.04131594989
9.9 0.04139326051
9.91 0.04146177899
9.92 0.04152149006
9.93 0.04157238042
9.94 0.04161443877
9.95 0.04164765579
9.96 0.04167202414
9.97 0.04168753848
9.98 0.04169419545
9.99 0.04169199369
10 0.04168093384
