0.010000 0.000603
0.020000 0.001206
0.030000 0.001809
0.040000 0.002412
0.050000 0.003014
0.060000 0.003616
0.070000 0.004216
0.080000 0.004816
0.090000 0.005415
0.100000 0.006013
0.110000 0.006610
0.120000 0.007205
0.130000 0.007799
0.140000 0.008391
0.150000 0.008982
0.160000 0.009570
0.170000 0.010157
0.180000 0.010742
0.190000 0.011325
0.200000 0.011905
0.210000 0.012483
0.220000 0.013058
0.230000 0.013631
0.240000 0.014200
0.250000 0.014767
0.260000 0.015331
0.270000 0.015892
0.280000 0.016450
0.290000 0.017004
0.300000 0.017554
0.310000 0.018102
0.320000 0.018645
0.330000 0.019184
0.340000 0.019720
0.350000 0.020251
0.360000 0.020779
0.370000 0.021302
0.380000 0.021821
0.390000 0.022335
0.400000 0.022844
0.410000 0.023349
0.420000 0.023849
0.430000 0.024344
0.440000 0.024834
0.450000 0.025319
0.460000 0.025798
0.470000 0.026273
0.480000 0.026741
0.490000 0.027205
0.500000 0.027662
0.510000 0.028114
0.520000 0.028560
0.530000 0.029000
0.540000 0.029434
0.550000 0.029862
0.560000 0.030283
0.570000 0.030698
0.580000 0.031107
0.590000 0.031509
0.600000 0.031905
0.610000 0.032294
0.620000 0.032676
0.630000 0.033051
0.640000 0.033420
0.650000 0.033781
0.660000 0.034136
0.670000 0.034483
0.680000 0.034822
0.690000 0.035155
0.700000 0.035480
0.710000 0.035798
0.720000 0.036108
0.730000 0.036410
0.740000 0.036705
0.750000 0.036992
0.760000 0.037272
0.770000 0.037543
0.780000 0.037806
0.790000 0.038062
0.800000 0.038309
0.810000 0.038549
0.820000 0.038780
0.830000 0.039003
0.840000 0.039217
0.850000 0.039424
0.860000 0.039622
0.870000 0.039812
0.880000 0.039993
0.890000 0.040166
0.900000 0.040330
0.910000 0.040485
0.920000 0.040632
0.930000 0.040771
0.940000 0.040901
0.950000 0.041022
0.960000 0.041134
0.970000 0.041238
0.980000 0.041333
0.990000 0.041419
1.000000 0.041496
1.010000 0.041565
1.020000 0.041625
1.030000 0.041675
1.040000 0.041717
1.050000 0.041751
1.060000 0.041775
1.070000 0.041790
1.080000 0.041797
1.090000 0.041794
1.100000 0.041783
1.110000 0.041763
1.120000 0.041734
1.130000 0.041696
1.140000 0.041649
1.150000 0.041594
1.160000 0.041529
1.170000 0.041456
1.180000 0.041374
1.190000 0.041283
1.200000 0.041183
1.210000 0.041075
1.220000 0.040958
1.230000 0.040832
1.240000 0.040698
1.250000 0.040555
1.260000 0.040403
1.270000 0.040243
1.280000 0.040074
1.290000 0.039897
1.300000 0.039711
1.310000 0.039517
1.320000 0.039314
1.330000 0.039103
1.340000 0.038884
1.350000 0.038657
1.360000 0.038421
1.370000 0.038177
1.380000 0.037926
1.390000 0.037666
1.400000 0.037398
1.410000 0.037123
1.420000 0.036839
1.430000 0.036548
1.440000 0.036249
1.450000 0.035942
1.460000 0.035628
1.470000 0.035306
1.480000 0.034977
1.490000 0.034641
1.500000 0.034297
1.510000 0.033946
1.520000 0.033588
1.530000 0.033223
1.540000 0.032851
1.550000 0.032472
1.560000 0.032086
1.570000 0.031693
1.580000 0.031294
1.590000 0.030888
1.600000 0.030476
1.610000 0.030057
1.620000 0.029633
1.630000 0.029202
1.640000 0.028764
1.650000 0.028321
1.660000 0.027872
1.670000 0.027417
1.680000 0.026957
1.690000 0.026490
1.700000 0.026019
1.710000 0.025542
1.720000 0.025059
1.730000 0.024572
1.740000 0.024079
1.750000 0.023581
1.760000 0.023079
1.770000 0.022571
1.780000 0.022059
1.790000 0.021543
1.800000 0.021022
1.810000 0.020496
1.820000 0.019967
1.830000 0.019433
1.840000 0.018895
1.850000 0.018354
1.860000 0.017808
1.870000 0.017259
1.880000 0.016707
1.890000 0.016151
1.900000 0.015591
1.910000 0.015029
1.920000 0.014463
1.930000 0.013895
1.940000 0.013323
1.950000 0.012749
1.960000 0.012173
1.970000 0.011593
1.980000 0.011012
1.990000 0.010428
2.000000 0.009842
2.010000 0.009254
2.020000 0.008665
2.030000 0.008073
2.040000 0.007480
2.050000 0.006885
2.060000 0.006289
2.070000 0.005692
2.080000 0.005094
2.090000 0.004494
2.100000 0.003894
2.110000 0.003293
2.120000 0.002691
2.130000 0.002088
2.140000 0.001486
2.150000 0.000883
2.160000 0.000279
2.170000 -0.000324
2.180000 -0.000927
2.190000 -0.001530
2.200000 -0.002133
2.210000 -0.002735
2.220000 -0.003337
2.230000 -0.003938
2.240000 -0.004539
2.250000 -0.005138
2.260000 -0.005737
2.270000 -0.006334
2.280000 -0.006930
2.290000 -0.007525
2.300000 -0.008118
2.310000 -0.008709
2.320000 -0.009299
2.330000 -0.009887
2.340000 -0.010473
2.350000 -0.011057
2.360000 -0.011639
2.370000 -0.012219
2.380000 -0.012796
2.390000 -0.013370
2.400000 -0.013942
2.410000 -0.014512
2.420000 -0.015078
2.430000 -0.015642
2.440000 -0.016202
2.450000 -0.016759
2.460000 -0.017313
2.470000 -0.017864
2.480000 -0.018411
2.490000 -0.018955
2.500000 -0.019495
2.510000 -0.020031
2.520000 -0.020563
2.530000 -0.021091
2.540000 -0.021615
2.550000 -0.022135
2.560000 -0.022651
2.570000 -0.023163
2.580000 -0.023669
2.590000 -0.024172
2.600000 -0.024669
2.610000 -0.025162
2.620000 -0.025650
2.630000 -0.026133
2.640000 -0.026611
2.650000 -0.027084
2.660000 -0.027552
2.670000 -0.028015
2.680000 -0.028472
2.690000 -0.028923
2.700000 -0.029370
2.710000 -0.029810
2.720000 -0.030245
2.730000 -0.030674
2.740000 -0.031097
2.750000 -0.031514
2.760000 -0.031926
2.770000 -0.032331
2.780000 -0.032730
2.790000 -0.033123
2.800000 -0.033509
2.810000 -0.033889
2.820000 -0.034263
2.830000 -0.034630
2.840000 -0.034991
2.850000 -0.035345
2.860000 -0.035692
2.870000 -0.036033
2.880000 -0.036367
2.890000 -0.036694
2.900000 -0.037013
2.910000 -0.037326
2.920000 -0.037632
2.930000 -0.037931
2.940000 -0.038223
2.950000 -0.038507
2.960000 -0.038784
2.970000 -0.039054
2.980000 -0.039317
2.990000 -0.039572
3.000000 -0.039820
3.010000 -0.040060
3.020000 -0.040292
3.030000 -0.040518
3.040000 -0.040735
3.050000 -0.040945
3.060000 -0.041147
3.070000 -0.041341
3.080000 -0.041528
3.090000 -0.041707
3.100000 -0.041878
3.110000 -0.042041
3.120000 -0.042197
3.130000 -0.042344
3.140000 -0.042484
3.150000 -0.042615
3.160000 -0.042739
3.170000 -0.042854
3.180000 -0.042962
3.190000 -0.043061
3.200000 -0.043153
3.210000 -0.043236
3.220000 -0.043311
3.230000 -0.043379
3.240000 -0.043438
3.250000 -0.043489
3.260000 -0.043531
3.270000 -0.043566
3.280000 -0.043593
3.290000 -0.043611
3.300000 -0.043621
3.310000 -0.043623
3.320000 -0.043617
3.330000 -0.043603
3.340000 -0.043581
3.350000 -0.043550
3.360000 -0.043512
3.370000 -0.043465
3.380000 -0.043410
3.390000 -0.043347
3.400000 -0.043276
3.410000 -0.043197
3.420000 -0.043109
3.430000 -0.043014
3.440000 -0.042911
3.450000 -0.042799
3.460000 -0.042680
3.470000 -0.042552
3.480000 -0.042417
3.490000 -0.042273
3.500000 -0.042122
3.510000 -0.041963
3.520000 -0.041796
3.530000 -0.041621
3.540000 -0.041438
3.550000 -0.041248
3.560000 -0.041050
3.570000 -0.040844
3.580000 -0.040630
3.590000 -0.040409
3.600000 -0.040180
3.610000 -0.039944
3.620000 -0.039700
3.630000 -0.039449
3.640000 -0.039190
3.650000 -0.038924
3.660000 -0.038651
3.670000 -0.038370
3.680000 -0.038082
3.690000 -0.037787
3.700000 -0.037485
3.710000 -0.037175
3.720000 -0.036859
3.730000 -0.036536
3.740000 -0.036205
3.750000 -0.035868
3.760000 -0.035524
3.770000 -0.035174
3.780000 -0.034817
3.790000 -0.034453
3.800000 -0.034082
3.810000 -0.033706
3.820000 -0.033322
3.830000 -0.032933
3.840000 -0.032537
3.850000 -0.032135
3.860000 -0.031727
3.870000 -0.031313
3.880000 -0.030892
3.890000 -0.030466
3.900000 -0.030034
3.910000 -0.029597
3.920000 -0.029154
3.930000 -0.028705
3.940000 -0.028250
3.950000 -0.027791
3.960000 -0.027326
3.970000 -0.026855
3.980000 -0.026380
3.990000 -0.025899
4.000000 -0.025414
4.010000 -0.024923
4.020000 -0.024428
4.030000 -0.023928
4.040000 -0.023424
4.050000 -0.022915
4.060000 -0.022401
4.070000 -0.021884
4.080000 -0.021361
4.090000 -0.020835
4.100000 -0.020305
4.110000 -0.019771
4.120000 -0.019233
4.130000 -0.018691
4.140000 -0.018146
4.150000 -0.017597
4.160000 -0.017045
4.170000 -0.016489
4.180000 -0.015930
4.190000 -0.015368
4.200000 -0.014803
4.210000 -0.014236
4.220000 -0.013665
4.230000 -0.013092
4.240000 -0.012516
4.250000 -0.011938
4.260000 -0.011357
4.270000 -0.010774
4.280000 -0.010189
4.290000 -0.009602
4.300000 -0.009013
4.310000 -0.008422
4.320000 -0.007830
4.330000 -0.007236
4.340000 -0.006641
4.350000 -0.006044
4.360000 -0.005446
4.370000 -0.004847
4.380000 -0.004247
4.390000 -0.003647
4.400000 -0.003045
4.410000 -0.002443
4.420000 -0.001840
4.430000 -0.001238
4.440000 -0.000634
4.450000 -0.000031
4.460000 0.000572
4.470000 0.001175
4.480000 0.001778
4.490000 0.002381
4.500000 0.002983
4.510000 0.003585
4.520000 0.004185
4.530000 0.004785
4.540000 0.005384
4.550000 0.005982
4.560000 0.006579
4.570000 0.007174
4.580000 0.007768
4.590000 0.008361
4.600000 0.008951
4.610000 0.009540
4.620000 0.010127
4.630000 0.010712
4.640000 0.011295
4.650000 0.011875
4.660000 0.012453
4.670000 0.013028
4.680000 0.013601
4.690000 0.014171
4.700000 0.014738
4.710000 0.015302
4.720000 0.015863
4.730000 0.016421
4.740000 0.016975
4.750000 0.017526
4.760000 0.018074
4.770000 0.018617
4.780000 0.019157
4.790000 0.019693
4.800000 0.020224
4.810000 0.020752
4.820000 0.021275
4.830000 0.021794
4.840000 0.022308
4.850000 0.022818
4.860000 0.023323
4.870000 0.023824
4.880000 0.024319
4.890000 0.024809
4.900000 0.025294
4.910000 0.025774
4.920000 0.026249
4.930000 0.026718
4.940000 0.027181
4.950000 0.027639
4.960000 0.028091
4.970000 0.028537
4.980000 0.028977
4.990000 0.029412
5.000000 0.029840
5.010000 0.030262
5.020000 0.030677
5.030000 0.031086
5.040000 0.031489
5.050000 0.031885
5.060000 0.032274
5.070000 0.032657
5.080000 0.033032
5.090000 0.033401
5.100000 0.033763
5.110000 0.034118
5.120000 0.034465
5.130000 0.034805
5.140000 0.035138
5.150000 0.035464
5.160000 0.035782
5.170000 0.036092
5.180000 0.036395
5.190000 0.036690
5.200000 0.036978
5.210000 0.037258
5.220000 0.037529
5.230000 0.037793
5.240000 0.038049
5.250000 0.038297
5.260000 0.038537
5.270000 0.038768
5.280000 0.038992
5.290000 0.039207
5.300000 0.039414
5.310000 0.039612
5.320000 0.039802
5.330000 0.039984
5.340000 0.040157
5.350000 0.040322
5.360000 0.040478
5.370000 0.040625
5.380000 0.040764
5.390000 0.040894
5.400000 0.041016
5.410000 0.041129
5.420000 0.041233
5.430000 0.041328
5.440000 0.041415
5.450000 0.041493
5.460000 0.041562
5.470000 0.041622
5.480000 0.041673
5.490000 0.041716
5.500000 0.041749
5.510000 0.041774
5.520000 0.041790
5.530000 0.041797
5.540000 0.041795
5.550000 0.041784
5.560000 0.041764
5.570000 0.041736
5.580000 0.041698
5.590000 0.041652
5.600000 0.041597
5.610000 0.041533
5.620000 0.041460
5.630000 0.041378
5.640000 0.041288
5.650000 0.041189
5.660000 0.041081
5.670000 0.040964
5.680000 0.040839
5.690000 0.040705
5.700000 0.040562
5.710000 0.040411
5.720000 0.040251
5.730000 0.040083
5.740000 0.039906
5.750000 0.039721
5.760000 0.039527
5.770000 0.039325
5.780000 0.039114
5.790000 0.038896
5.800000 0.038669
5.810000 0.038434
5.820000 0.038190
5.830000 0.037939
5.840000 0.037680
5.850000 0.037412
5.860000 0.037137
5.870000 0.036854
5.880000 0.036563
5.890000 0.036265
5.900000 0.035958
5.910000 0.035645
5.920000 0.035323
5.930000 0.034995
5.940000 0.034658
5.950000 0.034315
5.960000 0.033964
5.970000 0.033607
5.980000 0.033242
5.990000 0.032870
6.000000 0.032491
6.010000 0.032106
6.020000 0.031714
6.030000 0.031315
6.040000 0.030909
6.050000 0.030498
6.060000 0.030079
6.070000 0.029655
6.080000 0.029224
6.090000 0.028787
6.100000 0.028344
6.110000 0.027895
6.120000 0.027441
6.130000 0.026981
6.140000 0.026515
6.150000 0.026043
6.160000 0.025566
6.170000 0.025084
6.180000 0.024597
6.190000 0.024104
6.200000 0.023607
6.210000 0.023105
6.220000 0.022597
6.230000 0.022086
6.240000 0.021569
6.250000 0.021049
6.260000 0.020523
6.270000 0.019994
6.280000 0.019460
6.290000 0.018923
6.300000 0.018382
6.310000 0.017836
6.320000 0.017288
6.330000 0.016735
6.340000 0.016179
6.350000 0.015620
6.360000 0.015058
6.370000 0.014492
6.380000 0.013924
6.390000 0.013353
6.400000 0.012779
6.410000 0.012202
6.420000 0.011623
6.430000 0.011042
6.440000 0.010458
6.450000 0.009873
6.460000 0.009285
6.470000 0.008695
6.480000 0.008104
6.490000 0.007511
6.500000 0.006916
6.510000 0.006320
6.520000 0.005723
6.530000 0.005124
6.540000 0.004525
6.550000 0.003925
6.560000 0.003324
6.570000 0.002722
6.580000 0.002119
6.590000 0.001517
6.600000 0.000914
6.610000 0.000310
6.620000 -0.000293
6.630000 -0.000896
6.640000 -0.001499
6.650000 -0.002102
6.660000 -0.002704
6.670000 -0.003306
6.680000 -0.003907
6.690000 -0.004508
6.700000 -0.005107
6.710000 -0.005706
6.720000 -0.006303
6.730000 -0.006899
6.740000 -0.007494
6.750000 -0.008087
6.760000 -0.008679
6.770000 -0.009269
6.780000 -0.009857
6.790000 -0.010443
6.800000 -0.011027
6.810000 -0.011609
6.820000 -0.012189
6.830000 -0.012766
6.840000 -0.013341
6.850000 -0.013913
6.860000 -0.014483
6.870000 -0.015049
6.880000 -0.015613
6.890000 -0.016173
6.900000 -0.016731
6.910000 -0.017285
6.920000 -0.017836
6.930000 -0.018383
6.940000 -0.018927
6.950000 -0.019467
6.960000 -0.020003
6.970000 -0.020536
6.980000 -0.021064
6.990000 -0.021589
7.000000 -0.022109
7.010000 -0.022625
7.020000 -0.023136
7.030000 -0.023643
7.040000 -0.024146
7.050000 -0.024644
7.060000 -0.025137
7.070000 -0.025625
7.080000 -0.026109
7.090000 -0.026587
7.100000 -0.027060
7.110000 -0.027528
7.120000 -0.027991
7.130000 -0.028448
7.140000 -0.028900
7.150000 -0.029347
7.160000 -0.029788
7.170000 -0.030223
7.180000 -0.030652
7.190000 -0.031076
7.200000 -0.031493
7.210000 -0.031905
7.220000 -0.032310
7.230000 -0.032710
7.240000 -0.033103
7.250000 -0.033490
7.260000 -0.033870
7.270000 -0.034244
7.280000 -0.034612
7.290000 -0.034973
7.300000 -0.035327
7.310000 -0.035675
7.320000 -0.036016
7.330000 -0.036350
7.340000 -0.036677
7.350000 -0.036997
7.360000 -0.037311
7.370000 -0.037617
7.380000 -0.037916
7.390000 -0.038208
7.400000 -0.038493
7.410000 -0.038770
7.420000 -0.039041
7.430000 -0.039304
7.440000 -0.039559
7.450000 -0.039807
7.460000 -0.040048
7.470000 -0.040281
7.480000 -0.040506
7.490000 -0.040724
7.500000 -0.040934
7.510000 -0.041137
7.520000 -0.041332
7.530000 -0.041519
7.540000 -0.041698
7.550000 -0.041870
7.560000 -0.042033
7.570000 -0.042189
7.580000 -0.042337
7.590000 -0.042477
7.600000 -0.042609
7.610000 -0.042733
7.620000 -0.042849
7.630000 -0.042957
7.640000 -0.043056
7.650000 -0.043148
7.660000 -0.043232
7.670000 -0.043308
7.680000 -0.043375
7.690000 -0.043435
7.700000 -0.043486
7.710000 -0.043530
7.720000 -0.043565
7.730000 -0.043592
7.740000 -0.043610
7.750000 -0.043621
7.760000 -0.043624
7.770000 -0.043618
7.780000 -0.043604
7.790000 -0.043582
7.800000 -0.043552
7.810000 -0.043514
7.820000 -0.043468
7.830000 -0.043413
7.840000 -0.043351
7.850000 -0.043280
7.860000 -0.043201
7.870000 -0.043114
7.880000 -0.043019
7.890000 -0.042916
7.900000 -0.042805
7.910000 -0.042686
7.920000 -0.042559
7.930000 -0.042424
7.940000 -0.042281
7.950000 -0.042130
7.960000 -0.041971
7.970000 -0.041805
7.980000 -0.041630
7.990000 -0.041448
8.000000 -0.041258
8.010000 -0.041060
8.020000 -0.040855
8.030000 -0.040642
8.040000 -0.040421
8.050000 -0.040192
8.060000 -0.039957
8.070000 -0.039713
8.080000 -0.039462
8.090000 -0.039204
8.100000 -0.038938
8.110000 -0.038665
8.120000 -0.038385
8.130000 -0.038097
8.140000 -0.037802
8.150000 -0.037500
8.160000 -0.037192
8.170000 -0.036876
8.180000 -0.036553
8.190000 -0.036223
8.200000 -0.035886
8.210000 -0.035542
8.220000 -0.035192
8.230000 -0.034835
8.240000 -0.034472
8.250000 -0.034102
8.260000 -0.033725
8.270000 -0.033342
8.280000 -0.032953
8.290000 -0.032558
8.300000 -0.032156
8.310000 -0.031748
8.320000 -0.031334
8.330000 -0.030914
8.340000 -0.030488
8.350000 -0.030057
8.360000 -0.029620
8.370000 -0.029177
8.380000 -0.028728
8.390000 -0.028274
8.400000 -0.027815
8.410000 -0.027350
8.420000 -0.026880
8.430000 -0.026405
8.440000 -0.025924
8.450000 -0.025439
8.460000 -0.024949
8.470000 -0.024454
8.480000 -0.023954
8.490000 -0.023450
8.500000 -0.022941
8.510000 -0.022428
8.520000 -0.021910
8.530000 -0.021389
8.540000 -0.020863
8.550000 -0.020333
8.560000 -0.019799
8.570000 -0.019261
8.580000 -0.018719
8.590000 -0.018174
8.600000 -0.017625
8.610000 -0.017073
8.620000 -0.016518
8.630000 -0.015959
8.640000 -0.015397
8.650000 -0.014833
8.660000 -0.014265
8.670000 -0.013694
8.680000 -0.013121
8.690000 -0.012546
8.700000 -0.011967
8.710000 -0.011387
8.720000 -0.010804
8.730000 -0.010219
8.740000 -0.009632
8.750000 -0.009043
8.760000 -0.008453
8.770000 -0.007860
8.780000 -0.007267
8.790000 -0.006671
8.800000 -0.006075
8.810000 -0.005477
8.820000 -0.004878
8.830000 -0.004278
8.840000 -0.003677
8.850000 -0.003076
8.860000 -0.002474
8.870000 -0.001871
8.880000 -0.001269
8.890000 -0.000665
8.900000 -0.000062
8.910000 0.000541
8.920000 0.001144
8.930000 0.001747
8.940000 0.002350
8.950000 0.002952
8.960000 0.003554
8.970000 0.004155
8.980000 0.004755
8.990000 0.005354
9.000000 0.005952
9.010000 0.006548
9.020000 0.007144
9.030000 0.007738
9.040000 0.008330
9.050000 0.008921
9.060000 0.009510
9.070000 0.010097
9.080000 0.010682
9.090000 0.011265
9.100000 0.011845
9.110000 0.012423
9.120000 0.012999
9.130000 0.013572
9.140000 0.014142
9.150000 0.014709
9.160000 0.015274
9.170000 0.015835
9.180000 0.016393
9.190000 0.016947
9.200000 0.017498
9.210000 0.018046
9.220000 0.018589
9.230000 0.019129
9.240000 0.019665
9.250000 0.020197
9.260000 0.020725
9.270000 0.021248
9.280000 0.021768
9.290000 0.022282
9.300000 0.022792
9.310000 0.023298
9.320000 0.023798
9.330000 0.024294
9.340000 0.024784
9.350000 0.025269
9.360000 0.025750
9.370000 0.026224
9.380000 0.026694
9.390000 0.027157
9.400000 0.027616
9.410000 0.028068
9.420000 0.028514
9.430000 0.028955
9.440000 0.029390
9.450000 0.029818
9.460000 0.030240
9.470000 0.030656
9.480000 0.031065
9.490000 0.031468
9.500000 0.031865
9.510000 0.032254
9.520000 0.032637
9.530000 0.033013
9.540000 0.033382
9.550000 0.033745
9.560000 0.034100
9.570000 0.034447
9.580000 0.034788
9.590000 0.035121
9.600000 0.035447
9.610000 0.035766
9.620000 0.036077
9.630000 0.036380
9.640000 0.036675
9.650000 0.036963
9.660000 0.037243
9.670000 0.037516
9.680000 0.037780
9.690000 0.038036
9.700000 0.038284
9.710000 0.038525
9.720000 0.038757
9.730000 0.038980
9.740000 0.039196
9.750000 0.039403
9.760000 0.039602
9.770000 0.039793
9.780000 0.039975
9.790000 0.040148
9.800000 0.040313
9.810000 0.040470
9.820000 0.040618
9.830000 0.040757
9.840000 0.040888
9.850000 0.041010
9.860000 0.041123
9.870000 0.041228
9.880000 0.041324
9.890000 0.041411
9.900000 0.041489
9.910000 0.041559
9.920000 0.041619
9.930000 0.041671
9.940000 0.041714
9.950000 0.041748
9.960000 0.041773
9.970000 0.041789
9.980000 0.041797
9.990000 0.041795
10.000000 0.041785
